100 183 81 44
0 0 0 4 8 4 0 0 0 0 4 4 4 4 0 4 4 0 4 0 4 0 0 6 4 0 0 0 4 4 4 4 4 4 0 0 0 5 0 2 4 0 0 6 4 6 4 4 0 4 4 4 0 4 0 4 0 4 0 0 0 7 0 0 0 0 4 4 4 4 0 0 4 0 0 4 0 4 0 0 0 0 0 0 4 0 4 0 4 4 0 0 3 0 1 1 0 0 7 4
66 97
46 99
7 64
87 90
3 66
25 64
64 68
64 72
67 87
26 66
5 62
52 87
8 64
33 87
73 87
13 64
55 66
19 38
56 64
12 64
17 64
64 98
64 86
25 87
2 66
6 87
66 94
60 66
64 84
3 64
43 64
69 87
31 64
64 89
30 87
64 65
64 69
40 96
55 64
66 72
48 64
39 66
39 64
17 87
87 100
64 94
13 87
18 64
30 64
10 66
85 87
27 64
28 66
63 64
34 87
56 87
64 74
78 87
57 64
41 64
10 64
47 87
64 75
26 64
58 87
66 88
50 64
66 92
66 77
45 87
23 66
47 64
64 79
64 76
66 98
9 66
33 64
53 64
6 64
14 87
64 83
70 87
81 96
22 64
32 64
51 87
40 93
64 88
28 64
29 64
38 46
42 64
76 87
64 80
57 66
27 66
66 75
15 66
37 64
64 78
19 93
35 66
63 66
64 67
9 64
50 87
43 66
64 91
16 87
64 99
20 64
66 95
68 87
49 64
21 64
64 97
59 66
64 77
52 64
24 64
44 87
64 71
64 90
66 82
66 74
21 87
42 66
66 71
81 95
31 87
64 73
58 64
64 70
36 64
11 87
1 66
35 64
18 66
44 62
29 87
61 66
15 64
59 64
64 82
61 64
36 66
5 24
20 66
66 84
16 64
4 87
4 64
64 100
2 64
64 85
12 87
64 92
65 66
32 87
41 87
48 87
14 64
22 66
54 87
49 66
8 66
37 66
51 64
66 79
11 64
45 64
54 64
66 83
34 64
66 80
1 64
7 66
23 64
87 89
66 86
53 66
60 64
66 91
