17 250
6 13 630447936
8 16 878869739
1 2 281730105
16 17 13236857
3 17 143829368
1 10 82971745
7 15 699622056
12 13 874287970
2 3 591935164
16 17 731693759
10 17 181631206
11 13 63955266
2 8 766963507
2 14 76956444
3 8 829602243
7 8 159867079
4 15 245367213
3 16 301598634
5 10 100293945
1 2 984329434
6 13 783647968
7 8 722080661
1 7 297841822
8 14 120656997
5 10 925163430
8 11 164958872
8 16 645570242
1 14 779191971
16 17 181150963
1 9 463150197
1 7 306810101
10 17 128860568
10 13 420539462
2 17 96549615
2 7 752134518
1 8 178367354
2 10 511318983
6 14 716859680
1 2 379926952
2 17 672047803
8 17 778695397
7 9 240020274
3 17 11427456
5 15 569210757
2 13 748663625
8 17 960834655
8 16 956405727
13 17 552192472
1 8 882859999
3 9 86376981
12 16 56848073
5 8 852634924
1 16 406120488
7 16 497391368
8 17 13948399
15 17 392675682
14 17 458603957
2 8 518835148
12 17 539223597
1 13 206594606
13 16 578922388
8 11 543805954
3 11 224317024
12 13 9766432
10 17 904044395
10 16 980699674
1 13 478370307
9 11 144847763
5 7 860551172
3 16 410492142
3 4 83422435
11 17 194342220
8 16 93459455
6 15 876505243
2 10 788545515
2 11 961570158
1 14 475289445
7 17 774047337
3 7 430402440
6 11 756778647
4 13 716244172
1 17 359271418
1 15 796391475
3 6 959433344
9 12 4048106
12 16 347233512
6 16 799795884
6 14 426305878
2 3 488410062
2 6 159870067
8 16 250622720
8 17 882041415
5 13 97844487
3 6 9688174
9 13 292147531
8 13 262118148
4 17 681359134
13 15 69859018
2 15 16429632
1 12 217450495
10 16 256139583
2 13 770580749
3 17 456911422
2 17 985032281
2 13 703494786
3 4 785152911
3 16 512393466
7 16 940431952
5 10 433438977
8 16 981829387
2 16 301830875
10 13 565421308
5 9 373813140
8 16 584476073
11 13 218402849
5 10 649463032
13 16 724167637
8 16 333145157
8 15 469498306
14 17 283518849
14 16 92596159
7 9 929529319
3 7 129412338
9 13 486159559
1 16 473220670
1 14 146946642
2 13 727044264
10 16 187130893
12 17 826870368
14 16 197054278
12 13 269479437
1 16 882709288
1 3 555649238
8 14 487934572
2 14 715178749
8 14 55374317
8 14 490818617
6 8 370852801
9 17 231701626
3 5 174111949
13 15 746994238
1 9 696997242
5 9 708548149
2 17 972919491
13 16 961936384
8 16 586410170
2 7 799202585
14 16 304582031
1 17 660039862
6 16 848943555
13 15 327720398
2 14 407241168
1 13 485627594
4 14 488056285
4 6 343605500
3 4 587599637
1 14 442015320
2 10 270327904
10 14 411372416
9 11 476477204
2 15 704474262
14 17 617876692
7 14 952870672
5 10 174908873
5 13 877130969
10 14 715561153
6 17 399498917
8 16 232234142
8 16 63038293
4 16 580447131
4 6 272821897
3 10 183279840
8 13 286915046
5 17 606475463
1 12 773326015
6 13 492268240
4 15 753569605
8 12 401132342
8 14 683281334
6 16 580197108
2 13 81101393
4 17 459855879
7 10 639472517
1 3 30452966
12 14 132068110
1 3 510016854
2 9 669916543
2 10 44612298
8 16 862309781
3 7 379033773
14 17 777407558
13 16 765325253
1 12 949318822
3 17 677411825
14 16 147013892
10 17 89603034
4 6 788872774
4 12 556429427
10 14 977495136
10 13 498140229
1 14 428223827
2 10 455168818
1 16 536177500
6 12 524592616
7 10 800378459
1 13 53427178
8 11 368584604
4 14 277596095
6 8 775219783
11 16 133465211
3 9 204865762
2 9 731397342
8 16 695625447
2 8 557368787
8 16 847275317
8 13 9240071
4 7 903983952
9 13 926212933
4 16 124833061
2 13 910544719
9 16 35362437
2 14 396059704
10 14 677263307
16 17 160538823
3 14 27068987
9 14 325684767
9 12 903719740
16 17 325310310
10 13 131482796
10 17 840428536
8 14 533465677
11 16 259422566
11 12 136900275
15 16 189847914
7 15 862191515
11 17 636061057
15 17 79522087
2 16 822117735
16 17 749254417
7 17 432148048
12 13 240828778
10 13 787542154
5 17 844550078
5 16 941377705
8 16 690025021
1 14 458514554
9 13 780426650
2 10 833038095
13 14 892049662
13 14 509342066
