500 1
608401636
206451411
797526361
175803019
808049341
570039035
927020568
551777775
115561309
217278975
9358574
742898292
898154820
196000754
925847073
240623844
166741583
45677084
172696682
848859786
481553360
168976055
109683059
396884179
321697622
453198230
324998933
24548119
426527531
388333165
311246802
-1
94122433
525223311
493578536
-1
40017073
825738187
590969080
818422164
-1
152887011
80448513
976402603
601227756
645608674
-1
834586384
-1
7919523
237972545
39069209
269731193
-1
890764348
763936387
806124155
92264350
107301027
662067420
-1
9059997
551575596
191724110
436532390
270477345
177337150
616182998
32719410
384273174
512369833
703407030
-1
-1
514609310
353074964
14900009
642575644
361371246
481307355
459086482
-1
697590398
788468389
-1
506245209
273348736
370052035
887131545
196496847
165545619
29881137
665959919
226181048
84211262
621809940
973893329
258140701
700633341
841815736
937590617
566669340
256567473
-1
476801362
773832774
621882393
656158434
528741512
399585349
469384350
706327553
759450257
279673505
178200957
299378958
-1
171172048
400491979
431842651
423701289
320747915
552287406
-1
844470490
855483762
771602808
-1
-1
543921496
913909065
979324541
366274944
72600060
984668399
766669298
711309456
266370393
768243251
368598918
-1
578080592
219279380
879192559
789037896
97922156
144240100
840016697
652091757
661577648
840991529
59023243
464878398
627755715
962407990
904982317
813974920
748722302
869087274
561120932
12877259
836547176
947514366
278050237
254648613
630236821
455233943
-1
456599127
968204392
611791533
226196299
581018582
15738237
771288955
325854839
551548509
502509396
-1
559937279
28362931
-1
591774107
-1
218413381
874282775
683489441
704732188
983059756
622968316
926118204
955961753
234963882
958279334
977640969
824266467
830148181
966651672
487764558
974703023
-1
13316116
465731557
606261904
626675448
989088078
266289701
818101050
208639519
340604643
448406816
152047025
250621429
784058612
852609355
743937824
58463875
967046797
289153371
874842361
177651739
555662629
98577910
101284243
509798588
483500654
854799274
313695055
435712652
512408486
265302839
-1
301701574
882156680
861822987
921126695
844327012
505798635
315465156
599581351
430180856
-1
341405295
909092758
187360903
505473015
697728396
848648385
970375323
809566373
175275526
9777522
201966431
155371183
693723337
377160974
779153923
512017432
490549057
606989172
609686468
-1
212682405
696290846
476614224
-1
890779206
112071881
223717764
321421927
539885505
-1
-1
-1
284779701
989764866
444625356
644128674
930126364
93253994
181267660
773355018
401388247
507873666
615597224
112014698
946557085
515152950
133148193
755239637
917876621
117141889
81053793
356255964
480741404
82396350
454589868
-1
151497062
209602734
52497185
347459669
226143101
454165269
454232312
865211460
791420934
686300906
518925679
587538453
870099789
986593761
608171586
463694688
915144805
194194209
336640134
-1
413134770
426481209
522824287
397268046
44443388
596819519
145841160
600184422
767777595
225001594
-1
833945602
837326375
792105293
326942248
951900382
104834209
114212461
83530589
937123017
672272831
118020313
-1
32737890
140909764
398847520
-1
862666057
318450486
254288131
103193126
665951413
-1
309852507
816725687
112391086
607180642
-1
-1
3860025
957488541
887599634
708882905
156843015
112751508
487838526
558410028
55407692
-1
718186525
811902995
801957236
756073693
26321329
819757011
718878912
714835107
825680817
-1
-1
850405166
746833811
512349151
458020964
42150997
549418582
-1
971480033
704643703
306022806
922914297
227423890
-1
617035217
68253230
887834306
429823428
701256842
808608130
68336376
319592593
500828186
780370000
286486347
773888457
285174924
936517148
355927553
-1
256813040
314732771
585045887
578609978
929442372
-1
-1
683601502
234845634
268749390
134832003
129762627
380449678
58808720
910409553
575752840
749536821
186130166
37477677
9247991
773262056
927753081
451831353
537140418
666320402
92448178
710483166
842921110
552984333
983202735
696678259
448600659
42489610
-1
681335676
117545945
103901456
381653745
-1
757437541
490956008
148038682
188781912
823990094
311548231
14976260
620533574
457388696
963907927
644397144
188081013
60379478
895292396
614762753
646775445
944404119
497479852
160259917
370195240
729611388
153942798
609093901
120646279
185116395
130934797
6203418
228132893
852633985
532092409
245116041
942779414
356484886
644298623
931952899
714299848
-1
-1
480295495
493865488
592088211
581888944
828734307
126367524
876820619
760792633
98805823
998198955
542782645
297722943
594378658
227017770
546089373
125161656
