500 1
771241187
104736110
278328807
116558615
139133289
357639029
701440755
-1
4654833
624497474
35581801
664197106
388169084
401688188
555679040
85794603
356439891
62688862
631718530
278116515
462582738
169312687
646329181
965094975
609536716
151230228
200950555
805462441
337840870
586107944
303252817
569286920
980409798
-1
512080717
243903794
971763076
230305587
363844781
57470629
-1
787915750
555294109
476003157
-1
395633665
989032132
955465932
749701446
598315974
34245914
118916942
795545386
417539200
908733438
781581726
735740086
-1
693747026
265930487
916340332
145435607
259377388
194058088
758193712
992886691
459875204
500021405
573609743
996540861
658604070
979286314
-1
930428384
861590963
643419116
359097089
246577052
887700836
315022102
902978854
429996776
922093888
35742679
637840296
-1
770128126
97896001
-1
502105584
260911047
786188502
177929683
748022798
620053581
-1
793567370
154389602
300651162
440847497
800798600
548846331
227870710
-1
473326199
-1
227156589
675125913
266945807
21358683
897057482
102316816
-1
564627211
292177368
982990112
205011414
139745773
936844688
330596300
373105890
51053065
350387020
331268879
469993700
320326284
394160869
946807172
338281391
366479940
382764217
866458670
24769055
831031117
17768676
660536171
958145717
-1
152364479
823571941
996071272
921059598
-1
100233436
240695979
867114537
688462932
294266161
976761957
127087100
795456524
746688117
-1
677508361
242531248
937864376
621140328
252473199
97810159
649031590
884360360
687589294
769155532
42615930
711870451
549237266
53733544
643198776
396222742
570423416
167435818
273677545
821903907
-1
220824280
700528629
153582510
883077597
759873241
966575108
-1
-1
792718364
774747615
550337725
532325621
614769886
361106482
37129605
75850092
14251509
984030305
342103874
-1
869848072
823471720
205499124
866134709
424852638
960812526
652514348
65121467
552645876
44571112
251200113
-1
-1
913283595
324052319
305046699
788164610
557987402
162450730
982444883
-1
-1
81581105
400448532
513184718
221329756
232316497
525916642
-1
527714729
498533548
237523133
927958363
271306100
503449280
258059216
196374147
532320331
27078226
-1
-1
703189020
84178081
949279905
419857649
694087378
517121378
-1
781192843
646490593
168926113
471206769
374062625
-1
658199245
413780222
716960
686380231
-1
14780929
295891975
802733659
303291922
613702126
355889149
755737976
810302084
378403370
577590091
600933687
75277279
469169849
78246095
725316232
97659651
766591055
117491594
688683422
-1
813223542
707982354
105372508
767210065
964510818
287152710
712639466
-1
548256285
523994478
-1
543352641
886118012
739632501
863330118
956870566
-1
775426855
-1
277989940
797292864
793281670
781490518
569706042
580237871
726851027
774879782
457149620
944032462
802215782
-1
743531224
147400100
866291581
756287226
927489795
83791359
13637746
-1
516123703
219860776
917151967
274295707
169934986
701840483
39222303
30192773
-1
430145616
873319427
431253322
444478952
531195119
502393292
470647355
540047959
697993821
645544292
541822396
344856587
542340457
101107492
667213252
318378939
522390124
62130806
556133179
811258900
318028635
286453541
958067177
901650436
965734279
642233700
620125879
-1
-1
763868724
617497267
-1
312510987
985378569
156098274
887283153
651467061
765069953
337081060
313590612
430235476
849336335
201266767
22331563
487148125
794305670
990368518
924292083
912150950
506250215
118349434
144179050
25190292
396234482
898637671
148974866
-1
537170130
122744817
200189883
963912990
673653270
303421266
266680181
122085601
771091900
-1
259600232
528319995
-1
60077960
999853834
132305681
80284833
-1
193236295
143078423
685467145
943103054
49499746
-1
211301562
101854615
44929786
134173636
860362068
316541127
73573945
298750305
961841260
255063781
760279108
750536651
404422316
-1
998022790
65118481
533977921
711614494
944202717
-1
569834215
396610116
151385653
106682446
627341073
408773825
657301011
296127768
945418951
493406961
457835180
657043678
512488376
461050213
908538314
935160515
884764822
263346520
701977591
-1
930110770
489684911
373448895
131687278
771632129
397013668
339843035
704401539
218128017
284885524
308819109
103988074
506965721
907898463
221781051
730002506
615276429
74921440
792498904
553315243
835646034
576656725
483458998
315670921
881188256
44467840
916419013
512310059
271551100
63825362
607545360
848062972
526584029
949369898
537945784
937663094
-1
-1
101374043
-1
305188703
-1
286725847
983433981
196646283
-1
-1
902131221
8903998
458722882
891301396
817453263
789015324
769046999
677894966
319833882
970410296
196450988
