968
-12670145 11374518
49588653 53257314
500000215 500000158
-8908087 -115578630
529677 -71499488
25624561 33337978
-76255449 92204400
499999734 499999840
-120030147 73937760
-500000414 499999624
-46637397 80896480
1095073 -34357320
-65295465 86876630
5074591 -102596268
-500000181 500000227
5792209 -105075312
-106960801 119539122
-13973 -61605058
-499999722 499999829
-1470955 -84873278
500000459 499999693
-103350965 114602780
-76538147 69262370
8184269 2654372
-62794675 85898060
47544529 51952554
-23260447 76112360
85730505 94639952
8553951 3719926
-10321577 74742362
-500000317 499999920
-70362283 89159960
-80 -500000380
18448381 23987198
-21868703 30076078
-500000400 500000109
-18324105 23987198
-17693471 22812914
-5124283 -11915448
499999727 500000049
12794421 -122950524
500000396 499999901
-8190469 -1151178
-99545415 110340564
109346661 122648800
-1036035 -36249222
-13148557 -124994648
500000179 500000209
-499999692 500000114
-95391929 72893952
-98740813 109470724
-14779507 16745780
108542059 121191818
-35719 -48818410
-17041091 75394742
-3145397 -95028660
297 -500000355
-121182685 73894268
-100002081 110840722
89449071 68653482
-99741129 73350618
1877929 -27529076
106171745 71893636
-81800679 95618522
-51138819 58345878
-388 -500000272
65550217 83332032
768883 -37532236
-666353 -40554930
-68318159 66348406
499999564 499999938
-124074903 73742046
433 -499999857
-97936211 108622630
-22020925 75960138
-11691575 -122145922
-248 -499999870
108041901 120321978
-18867755 75590456
97103663 70436654
499999925 500000149
-98175417 73198396
121350453 73502840
9489029 6372938
-10386815 -119210212
-1731907 -30269072
-500000262 499999977
91862877 99728516
-14214111 15375782
-41483595 51930808
227 -500000021
464439 -70477426
-4145713 -16569092
-44636765 54257630
96755727 70371416
207 -499999669
-500000424 500000070
115435541 72980936
107541743 72089350
59657051 58737306
-187941 -58886808
-45745811 55018740
-499999749 500000117
89514309 97597408
46631197 77482358
47435799 77656326
1747453 -85699626
10967757 -119231958
-499999824 500000201
-68970539 88507580
-499999623 500000471
-78060367 69697290
-200 -500000110
-500000276 499999952
-105677787 117712458
-93 -499999735
-77538463 92965510
-3906507 -98681988
500000110 499999746
899359 -36205730
-500000410 499999561
19644411 25835608
43 -500000314
-75015927 91530274
-3536825 74263950
323 -499999719
-16475695 20420854
-500000323 500000195
88535739 96771060
48327385 77852040
-63990705 64630472
101909529 111079928
-499999811 500000245
106019523 116951348
98473661 106839458
36715021 75873154
499999615 499999585
53633409 79135054
26624877 74872838
1095073 -79415032
-31262975 77417120
-5341743 -10980370
87774629 96183918
44217391 49690970
55 -499999902
-10908719 -120406242
-100957 -58886808
83686381 93182970
-7777295 -2434192
-500000284 500000179
-2058097 -89113748
499999559 499999959
-8842849 -115404662
119980455 73394110
-37743283 48799384
-818575 -77762336
-9777927 3480720
499999859 500000295
-110331431 124997368
499999726 499999946
500000113 499999500
-499999990 499999550
-499999862 499999611
60809589 59280956
500000026 500000358
-500000468 500000460
68833863 62586348
104540795 71654430
-138 -499999518
-32763449 77699818
499999833 500000405
500000246 499999833
-383655 -45295558
-253179 -63257754
50697699 53953186
93450335 69632052
-167 -500000103
3726339 -97159768
-115137297 74024744
-104438265 115994524
93667795 101533434
-8560151 -114621806
72965603 63978092
500000284 500000084
11446169 -120232274
12294263 13092452
246979 -66954574
22688851 29989094
-102633347 113776432
-30936785 42232092
52633093 78874102
465 -499999913
-100893667 111819292
-26739807 37360988
500000271 499999982
-18563311 24422118
-92738917 103882002
94363667 69849512
-499999713 500000270
64571647 82918858
64375933 60846668
-499999891 500000133
83903841 67239992
500000261 499999638
-40483279 51126206
-6863963 -109620226
254 -499999945
-100806683 73437602
6814271 -108402450
-514131 -71629964
1943167 -87287084
23 -499999545
8923633 74089982
-775083 -39076202
499999756 500000024
-59793727 62803808
-100957 -52297770
203487 -44338734
2399833 74089982
-194 -499999796
-34437891 78026008
-6124599 -107206420
-89672731 72132842
321 -500000364
-54052783 59976828
8988871 4959448
500000008 499999954
23428215 30880680
67333389 84114888
74922743 64608726
-405401 -44751908
-92456219 72524270
-30197421 41427490
138249 -45360796
500000319 500000474
-7016185 -110098638
499999623 499999609
20296791 26770686
-166195 -53950466
5444273 -103879282
7336175 -110011654
500000368 500000307
123894735 73698554
499999684 500000194
-36742967 47907798
500000232 500000213
91340973 99228358
78141151 89616626
19144253 25096244
47979449 52235252
105323651 115842302
31582965 75307758
-500000491 500000314
-39504709 50299858
-500000086 500000090
43499773 49190812
55764517 79787434
-500000495 500000257
-499999695 499999635
-108222069 121409278
1508247 74111728
-80561157 70371416
94757 -63931880
-4515395 -14720682
-35285985 46559546
14577593 17463398
-102 -499999522
-71232123 89573134
-1884129 -29138280
67768309 62194920
1421263 -31421610
-69340221 66739834
100474293 109253264
-53182943 82766636
-60206901 84984728
-12387447 -123537666
9271569 -115317678
27929637 35708292
-17323789 22117042
-500000221 500000017
291 -500000055
-57684365 61803492
4726655 -101313254
-499999521 500000204
-51791199 82353462
499999990 500000084
-12887605 74981568
-4667617 -14003064
-25956951 36295434
-46441683 55475406
213 -500000164
-90259873 101794386
-97109863 73089666
57221499 80244100
-5472219 74372680
-51986913 58824290
-500000010 499999561
86839551 95466300
90 -500000433
-109309369 73937760
-104046837 73676808
-59424045 62629840
15686639 19377046
45282945 50430334
42455965 48429702
-350 -499999705
13838229 74176966
499999679 499999539
-82953217 70958558
-83 -500000388
46044055 50952238
499999823 500000036
-34872811 46168118
-97327323 108035488
10554583 -118362118
-500000192 500000161
-325 -500000327
355709 -68759492
-91281935 102642480
13272833 -123885602
-499999525 499999600
-499999521 500000028
-84888611 97727884
-7407613 -3586730
-35938365 78330452
32257091 39774794
-20411721 75764424
-96153039 106926442
-500000168 500000411
-12169987 10048012
-2906191 -23158130
84708443 67457452
9728235 7003572
500000378 500000128
12142041 -121667510
-46941841 55801596
-13973 -47839840
499999830 500000096
5966177 -4456570
-13670461 13984038
81772733 91899956
2878245 -20309404
-1775399 -87200100
-99045257 109796914
638407 -73173930
-6907455 -5304664
-78604017 69849512
499999739 500000041
-579369 -41750960
616661 -39141440
-58228015 62064444
-34437891 45754944
-499999547 500000146
-499999768 499999564
101 -499999689
71095447 85876314
28864715 36665116
-448893 -70085998
-119051577 73959506
81468289 91704242
-6146345 74416172
-335 -499999921
-1296987 -83329312
-43114545 79939656
-56553573 61259842
-358 -499999867
500000420 499999629
-14475063 75133790
499999601 500000295
8967125 -114534822
86404631 67892372
-86737021 99076136
-340163 -66932828
-86 -499999532
3965545 -98203576
30713125 38404796
95733665 70153956
420947 -41381278
-160 -500000128
1747453 -28594630
51698015 54540328
-9277769 -116535454
90797323 98728200
3421895 -17069250
2204119 -24919556
91928115 69262370
-499999845 500000297
42455965 76677756
-33915987 45254786
-49268663 57258578
-499999963 500000212
499999835 500000016
-1579685 74198712
500000272 499999826
-992543 -80458840
500000423 499999839
-108830957 122387848
-499999703 499999638
-80147983 94574714
-25369809 35469086
500000223 500000004
25233133 74764108
-27174727 76699502
-66317527 87311550
-122703 74155220
-55335797 83419016
9510775 -115926566
-2253811 74220458
-840321 -78132018
103279527 71458716
195 -500000233
7988555 2088976
-62968643 64195552
-12822367 -124385760
-10495545 5481352
-79539095 70110464
89949229 97967090
-499999649 499999888
13403309 15310544
-50355963 81940288
-25630761 76460296
-15323157 17963556
9075855 -114817520
3704593 -15460046
83 -499999693
1269041 -32769862
98973819 107426600
40303111 46711768
12685691 74155220
-38787091 49690970
-500000106 500000117
-78951953 93835350
22928057 30293538
-105068899 116864364
-6581265 -108728640
-89737969 101381212
66746247 61803492
39346287 45907166
75531631 88137898
79424165 65978724
-190 -499999908
124199179 73720300
-5037299 -103400870
79554641 90486466
97364615 105578190
-499999751 499999798
499999775 499999743
266 -499999520
-7472851 -111512128
-500000238 499999514
-8908087 1001676
-500000205 500000244
68159737 84484570
35997403 75786170
-346 -500000429
-499999917 499999775
-59010871 84593300
4161259 -99029924
-27848853 76808232
-2079843 -27833520
1160311 -80176142
109216185 72306810
-85845435 71480462
-4363173 -100639128
-88367971 100315658
-49747075 57541276
8532205 -113382284
-19520135 26140052
6248875 -3412762
834121 -75979164
95429221 70088718
-470639 -43425402
90775577 68979672
21057901 27814494
-89042097 100837562
7510143 74068236
5661733 -5652600
-166 -500000330
500000425 499999581
-166195 -57147128
52872299 55214454
-79211 -59800140
-11843797 -122472112
-74211325 91095354
-35 -499999910
-60837535 85202188
500000201 499999671
29517095 37295750
-23325685 32424646
73357031 87007106
55916739 56888896
39020097 76155852
-11300147 7699444
106650157 117973410
-448893 -43816830
-3319365 -20940038
98190963 106513268
54111821 55910326
-949051 -79958682
118719187 73285380
23841389 31359092
-41592325 79569974
-500000414 499999921
16643463 74263950
-274925 -48644442
51871983 78678388
-1971113 -88526606
113 -500000101
-37003919 78547912
7031731 -109076576
61962127 59802860
281 -499999785
500000041 499999916
-106765087 73829030
-209687 -60452520
-113419363 74046490
5379035 -6892122
-69992601 88985992
-500000015 500000470
-3623809 -19309088
500000426 499999614
-4689363 -101987380
499999990 499999580
-90868761 72306810
63288633 60390002
229 -499999658
-50638661 58063180
105280159 71763160
-3558571 -97138022
-5406981 -104749122
99604453 108187710
74487823 87594248
25037419 32707344
-348 -500000098
-2558255 -91918982
-81496235 95422808
85295585 67609674
83012255 92726304
10554583 9112934
-32263291 43602090
-4363173 -15460046
-499999951 499999977
107433013 119278170
11924581 12287850
1421263 -82785662
-31502181 42819234
70247353 85463140
-95957325 72959190
-93065107 104164700
95016047 102946924
-499999962 499999567
29495349 75112044
43630249 76895216
-499999926 499999990
1029835 -78588684
-101741761 112754370
10141409 8069126
-57465 -49862218
-108722227 73916014
-500000073 500000109
-500000338 499999951
117979823 73220142
198 -500000363
-43788671 53648742
499999549 500000059
54568487 79417752
10946011 10048012
4487449 -100378176
-71775773 67653166
-73037041 68109832
4269989 -99486590
2073643 -25941618
-1405717 -32922084
-74 -500000007
-12909351 12005152
-22608067 31272108
500000190 499999753
110694913 72480778
-13322525 13092452
216 -499999795
-209687 -51471422
-231433 -61974740
65854661 61455556
-310 -499999890
52 -499999757
499999623 500000082
-499999522 499999716
26211703 33946866
3443641 -95920246
-28240281 39252890
-500000170 499999896
50588969 78373944
81120353 66478882
282 -500000031
59156893 58498100
-28740439 39818286
-68644349 88355358
-76733861 92487098
500000206 500000129
4269989 -12285130
468 -500000262
110455707 124692924
-1601431 -31291134
-5754917 -105945152
-500000154 499999928
7379667 305804
-1210003 -34661764
-5994123 -8523072
-107504451 120343724
11119979 10461186
-85932419 98488994
63984505 82679652
7773 -62083470
-500000477 500000391
46457229 51234936
17208859 74285696
-112266825 74024744
-50 -499999894
60439907 81309654
-10191101 4633258
-10973957 6807858
20144569 74437918
4835385 -9349420
63288633 82396954
107802695 119908804
-775083 -77001226
-103742393 115102938
22036471 74546648
500000345 500000187
109390153 72328556
-7733803 -112316730
11728867 -120819416
75901313 64913170
4161259 74068236
-500000277 500000462
-499999984 500000364
100300325 70980304
-500000454 500000202
-116572533 74002998
107215553 72045858
-500000171 499999755
-105003661 73742046
-63990705 86354726
97951757 70588876
76031789 88398850
6357605 -3021334
-84518929 71241256
94515889 102403274
-2862699 -93549932
-117855547 73981252
-500000056 499999959
57025785 57454292
122459499 73589824
61201017 81592352
-79211 -50971264
-144449 -56059828
500000185 499999535
-33220115 77786802
75270679 64717456
-15866807 19137840
107150315 118799758
84447491 93704874
-187941 -52689198
-384 -500000190
5009353 -102357062
40759777 76395058
499999649 499999508
94080969 69784274
-293 -499999674
37606607 75981884
-52921991 59346194
-23 -500000104
-1666669 -86460736
-500000445 499999847
285 -500000161
1247295 -81067728
500000477 500000242
-289 -499999622
-5059045 -12198146
61 -499999596
29886777 37643686
-96435737 107187394
-109766035 123975306
499999668 500000442
-6342059 -7283550
2921737 -20026706
24 -500000083
-40852961 51430650
-57336429 84049650
41368665 47581608
-61642137 63630156
-265 -500000468
-74059103 68479514
10271885 74111728
-6624757 -6283234
500000494 500000390
10315377 -117818468
-40657247 79352514
-24652191 34447024
-7342375 -3804190
-84257977 97271218
-48877235 57019372
77206073 89072976
95929379 103968986
-1579685 -31465102
-132 -500000311
62484031 82070764
2682531 -21592418
2247611 -89483430
-500000065 499999558
25 -500000128
66050375 83549492
-11735067 74872838
499999702 499999728
-11234909 -121145606
-709845 -75848688
-122703 -54167926
-16019029 75286012
500000426 500000333
58591497 80679020
-64730069 86637424
-500000482 500000318
-55314051 60629208
92776209 100620102
-419 -499999797
76684169 65152376
-8668881 74590140
-644607 -74500436
80750671 66370152
65006567 61107620
-157 -499999674
16730447 21138472
-67078637 65869994
-73558945 90747418
17404573 22269264
500000302 500000044
18557111 74350934
-21238069 29032270
223 -500000399
-210 -500000132
500000357 500000103
-58075793 84288856
500000065 500000438
-44484543 80309338
-427147 -44251750
6509827 -107423880
11185217 -119688624
-106308421 118604044
48653575 52670172
1551739 -30269072
53785631 79178546
-1188257 -34857478
4226497 -12524336
-20629181 28010208
-318417 -66084734
464439 -40837628
23797897 74655378
282 -500000165
-338 -500000059
82620827 66892056
69486243 85093458
500000054 500000253
-43092799 53148584
499999554 500000230
500000212 500000159
-75603069 68979672
-47028825 81005210
78402103 89768848
-4254443 -100182462
104497303 114646272
3269673 -17939090
30473919 75199028
499999578 500000038
-49051203 81570606
-93782725 72698238
-230 -499999922
32909471 75438234
-18672041 75568710
45087231 77177914
87948597 68283800
28212335 75003314
82207653 92182654
17774255 22878152
-66969907 87594248
49371193 78091246
302 -499999974
41955807 76590772
-579369 -73086946
-27544409 38448288
-7 -499999522
-209 -500000390
-2623493 -24702096
500000066 499999691
2813007 -93049774
500000413 500000410
38367717 45080818
2334595 -90070572
-72515137 90203768
16317273 20442600
21884249 28923540
73770205 64239044
9923949 -116926882
-500000012 499999579
-56444843 83766952
-7733803 74524902
312217 -42773022
-499999634 499999758
499999635 500000121
53220235 79026324
-3906507 -17808614
102344449 111667070
-71 -499999836
24428531 32033218
-4906823 -12894018
-102241919 73546332
-274925 -64323308
-9321261 2197706
703645 -74174246
-499999620 500000264
58265307 58063180
-3928253 74285696
111 -500000387
2617293 -22027338
500000180 500000011
2095389 -88396130
-76755607 69327608
12924897 14375466
84817173 93965826
500000255 499999775
-39330741 79048070
-11822051 9112934
-42027245 52343982
-45289145 80526798
-499999545 499999571
70573543 63195236
-361909 -67737430
-24021557 33490200
500000221 500000428
499999600 499999903
-73928627 90943132
-78212589 93378684
-48507553 81418384
-70666727 67239992
-500000285 500000234
-60489599 63129998
4552687 -10806402
499999912 500000327
208 -500000251
-53987545 83005842
500000240 500000049
-27979329 76829978
80446227 91051862
-83388137 96662330
-108178577 73894268
-86693529 71632684
27038051 34794960
7749349 1393104
40172635 76308074
-499999829 500000377
31713441 39296382
500000270 499999506
15164735 18485460
500000325 499999952
2530309 -91331840
-500000028 500000089
-144449 -55363956
2747769 -92701838
500000445 499999865
-499999631 499999527
-20150769 27205606
351 -499999965
18948539 24791800
3182689 -18439248
-36242809 47451132
72204493 86419964
500000001 499999531
-2 -499999767
3160943 -94637232
-499999566 500000366
-62011819 85615362
-110635875 73981252
108998725 122018166
102996829 112558656
-83453375 96705822
68 -500000199
-16780139 21051488
55220867 56519214
-37852013 78721880
116566333 73089666
13946959 16354352
-91956061 103207876
-9473483 -117013866
70008147 62999522
-64773561 64956662
112434593 72676492
77967183 65543804
6183637 -106358326
499999910 500000072
986343 -35357636
500000447 499999980
181741 -65693306
-24891397 76351566
72247985 86441710
2378087 -23636542
13686007 15854194
-500000043 500000160
-470 -500000265
-427147 -69542348
-500000201 499999629
-67404827 87789962
-6494281 -108445942
-82061631 70741098
-3080159 -22223052
-87541623 99685024
101779053 71219510
-88085273 71871890
-29632025 77112676
-927305 -37314776
18839809 24617832
-500000259 500000162
11511407 74133474
500000449 500000476
7858079 -111512128
-1971113 -28551138
899359 -76870750
-324 -500000352
113717607 72806968
499999910 499999614
-3275873 -95702786
499999906 499999868
-500000231 500000230
-499999892 500000060
103801431 113667702
14925529 74198712
7966809 -111816572
-8668881 305804
-499999823 499999903
71900049 63630156
-862067 -38054140
-187 -500000400
-122443953 73829030
-54552941 60237780
-9886657 -118014182
-74689737 68696974
8379983 -112969110
499999808 499999711
68 -500000157
3943799 -14111794
-94957009 105839142
-82235599 95901220
-5580949 -10001800
5118083 -8044660
178 -500000321
-499999792 500000174
20535997 74459664
98712867 70719352
34496929 75612202
-2906191 74242204
-8081739 -113295300
-500000014 500000182
-58 -500000104
-1123019 -81741854
-500000330 499999785
-80604649 94857412
-19019977 25248466
-2275557 -90353270
97190647 105382476
59678797 81048702
