942
-5947 3790
-5041 -1377
-2581 534
-3964 1667
-1151 148
-1008 128
-2076 -192
-4905 384
-3482 1145
-2045 -183
-5410 -2482
-7110 4815
-6510 -3727
-4903 305
-7961 5164
-7375 -4161
-4585 -2662
-5952 -3229
-4927 -651
-3766 1430
-9357 5379
-1273 167
-5832 -3092
-8291 -4384
-4931 881
-5149 -1796
-4674 3153
-4909 -414
-4917 -532
-7032 4772
-5794 3579
-5175 2319
-7941 -4325
-4913 -480
-4755 -3284
-5593 3258
-8895 5344
-1982 -165
-4831 -3781
-7855 5132
-5040 1756
-7817 -4298
-8163 -4365
-8753 5326
-4886 -4400
-2904 -531
-8181 5222
-1924 -149
-4977 1367
-9160 -4448
-4890 -4497
-3406 1079
-4106 1870
-4610 -2737
-4843 -3885
-4142 -1693
-2096 344
-4925 -628
-4642 -2843
-7924 5153
-4808 3729
-4799 -3540
-4714 3296
-1458 198
-4895 -4926
-9516 -4449
-404 72
-8790 5331
-4756 3473
-4073 1817
-5090 -1590
-6722 -3862
-4653 3082
-6771 4608
-6640 4511
-8250 -4378
-5600 3271
-4948 1076
-8073 5195
-5443 -2542
-4464 -2330
-3881 1562
-7914 5150
-7965 -4330
-4888 -5233
-7200 -4095
-6136 4020
-6042 -3324
-5079 1953
-4704 3259
-6096 -3378
-1746 255
-909 35
-4894 -4979
-5103 -1639
-4004 -1478
-5311 -2264
-1813 -120
-5687 3418
-3376 -838
-3360 1040
-4751 3451
-1661 237
-4481 -2371
-5098 -1621
-4830 3873
-2294 409
-7733 5091
-657 91
-6577 4461
-3136 -666
-5316 2708
-4907 453
-2584 -374
-7767 5103
-1894 -141
-4584 2868
-7557 -4223
-4534 2732
-5117 2113
-4903 -289
-4790 -3479
-626 53
-1013 25
-4224 2071
-3189 904
-4573 -2627
-2646 -402
-4841 3959
-2867 685
-673 51
-1964 -160
-3413 1085
-566 55
-7747 5096
-7891 5143
-4656 -2893
-4522 2701
-320 61
-2211 -233
-4938 965
-4881 -4314
-4896 -4872
-691 94
-8403 -4399
-3785 1451
-7179 4852
-4383 -2146
-3618 1274
-4674 -2959
-734 98
-1596 224
-2383 444
-4847 -3922
-8102 -4355
-2787 640
-5153 2245
-7075 4796
-1204 156
-9561 -4448
-5931 -3206
-9694 -4444
-4902 262
-1602 -70
-1412 190
-9001 -4443
-7658 5064
-9443 5383
-9478 5384
-6585 4468
-6477 -3704
-4366 -2110
-4850 4036
-5569 3213
-5230 -2047
-4043 1773
-5799 -3052
-7613 5047
-6500 4392
-4818 3791
-8929 -4440
-8527 5290
-977 124
-895 114
-4526 -2493
-4958 1181
-600 54
-5661 3376
-9158 5367
-5144 2213
-4885 4510
-4500 2646
-340 68
-4169 1975
-4543 -2541
-3428 -879
-1739 -102
-6185 4076
-8886 5343
-9469 -4450
-7147 4835
-4120 -1658
-3085 -634
-4821 -3701
-1031 131
-8884 -4438
-8620 5306
-4861 -4061
-5156 -1819
-3950 -1402
-863 39
-2468 481
-4962 -935
-1441 195
-5003 -1189
-1962 307
-5581 -2759
-5526 -2678
-6400 4298
-5087 1990
-9666 -4445
-4896 -4761
-6163 4051
-2610 -385
-7202 4864
-7710 -4270
-435 74
-4184 -1764
-3473 1137
-4889 -5195
-5808 -3063
-6894 -3957
-3541 1200
-6046 3914
-4898 57
-4623 2986
-4921 -581
-5186 2355
-5427 -2514
-4750 -3261
-4421 2461
-5160 2269
-4862 4158
-9517 5385
-4340 -2056
-4979 -1048
-6300 4200
-1160 7
-8640 -4422
-8677 -4425
-5271 -2162
-7453 -4188
-8544 5293
-9304 5376
-5615 -2808
-3729 1390
-5052 -1428
-875 38
-3756 -1171
-7793 5112
-3524 1184
-8316 5251
-4389 2392
-4817 -3670
-2852 -504
-4883 4469
-4888 -4439
-2303 -265
-4951 1108
-4900 -163
-5509 -2651
-6897 4692
-7040 -4029
-7993 5173
-2545 -358
-4921 747
-4258 -1897
-3162 -683
-4629 3005
-3618 -1038
-7776 -4288
-2829 663
-6159 -3438
-3106 -647
-5199 2396
-8454 5277
-3553 -982
-7576 -4229
-4292 2196
-6228 4124
-5647 3353
-3791 -1209
-2697 592
-4852 -3969
-6027 3891
-4245 2109
-3019 -594
-8710 5320
-3809 1478
-7413 4965
-8863 -4437
-4910 543
-3304 994
-2750 620
-3993 -1462
-5189 -1925
-8100 5202
-4176 1987
-8062 -4348
-4872 4287
-6913 -3967
-4309 2229
-4884 4489
-4996 -1149
-4719 -3129
-5048 1799
-5094 2020
-4731 3365
-4902 -256
-4596 2902
-1999 317
-4515 2683
-9253 -4450
-2434 466
-5276 2612
-4839 -3850
-1067 136
-3065 814
-7331 4928
-4974 -1016
-9720 -4443
-8017 -4340
-4769 -3357
-4629 -2798
-3691 1350
-7009 -4015
-3156 879
-1755 257
-4872 -4190
-6377 4276
-4550 -2561
-6380 -3632
-4363 2338
-5905 3735
-6123 4005
-6616 -3797
-4640 3040
-1704 246
-938 119
-5209 2427
-3141 868
-9420 5382
-3190 -702
-4229 2080
-9074 5361
-8364 -4394
-4913 616
-2243 -244
-4433 -2258
-494 78
-5390 2869
-4464 2560
-4139 1924
-4547 2766
-4550 2774
-3285 -769
-4500 -2421
-4725 3340
-4002 -1475
-5400 -2463
-3252 -745
-5024 1669
-5889 -3159
-5964 3812
-8824 -4435
-3042 798
-9122 -4447
-4405 -2195
-7512 5007
-4962 1222
-3566 -993
-6335 -3596
-5178 -1890
-8986 5353
-5123 -1709
-8248 5237
-5998 -3278
-7020 -4020
-5514 -2659
-5285 -2199
-3865 1543
-3335 -806
-4901 -214
-4155 -1714
-5469 -2586
-8327 -4389
-1110 142
-5592 -2775
-2010 320
-9085 -4446
-2960 -561
-1039 22
-6847 -3932
-1064 19
-8234 5234
-6100 3978
-6980 4742
-5869 -3136
-3663 -1079
-4239 -1862
-4607 2936
-9674 5388
-9205 -4449
-4745 -3239
-4954 -878
-4918 701
-3867 -1297
-5738 -2976
-4748 3438
-4876 -4243
-5061 -1469
-4356 -2089
-8677 5315
-5023 -1291
-4280 -1938
-5912 -3185
-4707 3270
-287 65
-4825 3836
-6459 4354
-818 106
-4328 2266
-4996 1502
-8298 -4385
-4291 -1959
-4914 -494
-3902 -1340
-5319 2715
-4764 -3330
-7160 4842
-1519 -53
-3561 1219
-5136 -1753
-1579 -65
-2354 432
-2266 -252
-6810 -3912
-6070 -3353
-1483 -46
-5682 3410
-2894 701
-5488 -2617
-4904 -319
-1496 205
-4701 -3060
-7694 5077
-7827 5123
-5634 -2835
-5875 3694
-7796 5113
-8728 -4429
-9056 -4445
-5302 2675
-3130 860
-8771 -4432
-3986 -1452
-5022 1658
-8427 5272
-2678 582
-3399 -856
-3092 833
-4472 -2349
-4976 -1029
-8664 5313
-3909 1596
-9205 5370
-3924 1615
-4897 0
-8844 5338
-8490 -4408
-2486 -334
-4801 3690
-3830 -1253
-8164 5218
-7544 5020
-9597 -4447
-3354 1035
-1887 288
-450 75
-6523 4413
-4934 918
-4797 3669
-6275 4174
-7195 -4093
-4497 -2413
-7119 -4062
-3494 1156
-4931 -694
-4878 -4270
-5713 -2944
-5010 1588
-5169 -1861
-3913 1601
-3245 -740
-9112 5364
-3846 -1272
-2706 -431
-2951 737
-7908 -4318
-5016 -1257
-4271 -1921
-3595 -1018
-5329 2738
-4228 -1842
-1710 -95
-4565 -2604
-4899 111
-6709 4563
-4579 2854
-4981 1401
-4030 1755
-5202 -1965
-232 62
-7066 -4040
-4491 2624
-2879 -518
-5778 -3026
-1723 250
-9765 -4441
-5894 3720
-6963 4732
-5034 -1344
-5322 -2291
-6083 3958
-2743 -449
-4894 -4661
-4306 -1988
-4925 803
-5432 -2523
-4215 2055
-5274 2607
-3646 1303
-773 45
-4987 1442
-4810 -3619
-5338 -2330
-7009 4759
-4595 2899
-8272 5242
-4992 -1126
-4985 -1085
-4023 -1507
-6067 3939
-6977 -4000
-5258 -2127
-6596 4477
-4971 1312
-4948 -835
-4748 -3252
-4507 -2440
-6651 -3819
-5099 2041
-6751 -3879
-5373 -2409
-4869 -4153
-1866 283
-5908 3739
-4521 -2479
-7078 -4045
-7871 -4310
-3522 -956
-4651 -2875
-7228 -4106
-1565 -62
-9566 5386
-7158 -4078
-1236 161
-6306 -3571
-7066 4791
-2144 -212
-367 60
-7443 4978
-5165 2286
-5081 -1553
-3708 -1121
-3218 926
-4893 -4616
-4537 -2524
-4435 2493
-2983 758
-6767 -3888
-3588 1245
-7717 -4272
-4422 -2233
-1539 213
-2176 368
-4900 164
-962 30
-4782 3594
-8223 -4374
-5528 -2681
-4936 -740
-4969 -983
-7398 -4169
-5387 -2438
-3711 1371
-4850 -3950
-6862 -3940
-4892 -5073
-7368 4945
-5006 -1206
-4692 -3026
-4398 2411
-455 58
-3802 1470
-6560 4446
-7839 -4303
-5059 -1460
-5703 3443
-8579 5299
-2134 355
-4814 3766
-5608 -2798
-5965 -3243
-5002 1539
-5217 -2009
-3331 1016
-8139 5212
-4944 1033
-535 81
-4906 419
-4980 1393
-4874 4316
-5777 3554
-4928 843
-6586 -3778
-2222 383
-2323 420
-5336 2754
-5981 -3260
-867 111
-6240 -3513
-4890 -5156
-4899 -110
-5234 2502
-4905 -341
-5044 -1391
-6422 4319
-267 62
-7749 -4281
-4847 4008
-4897 -4816
-9730 5387
-7338 -4148
-6942 -3982
-6700 -3849
-6443 4339
-3493 -932
-3270 -758
-4718 3311
-4790 3633
-4891 -4535
-4055 -1556
-4916 668
-4054 1789
-2180 -223
-4173 -1745
-787 103
-4895 -4710
-2479 486
-9039 5358
-4893 -5028
-3465 1130
-305 66
-6453 -3687
-610 87
-886 113
-3848 1523
-7529 -4214
-5566 -2737
-9305 -4451
-530 56
-4892 -4574
-2921 -540
-4827 -3748
-4912 594
-6353 4253
-3249 950
-5853 -3117
-8482 5282
-6627 4501
-6534 4423
-7683 -4262
-9359 -4452
-4616 2964
-4945 -813
-4599 -2703
-1565 218
-5737 3495
-7269 -4122
-4346 2303
-2782 -468
-4904 347
-413 59
-4911 569
-4823 3823
-5057 1846
-6801 -3907
-4696 3230
-3889 -1324
-8036 5185
-2382 -294
-6661 4527
-4214 -1817
-6412 -3657
-4940 988
-4377 2367
-8363 5260
-6016 -3297
-5345 -2347
-4783 -3434
-2007 -172
-1314 -15
-4661 3109
-4561 2804
-5076 1939
-4866 4207
-3212 -717
-4878 4377
-7572 5031
-1913 -146
-5353 2792
-2608 547
-1316 174
-7424 -4178
-7650 5061
-1277 -9
-5578 3230
-6202 4095
-1113 13
-6798 4627
-3433 -883
-5646 -2852
-1171 151
-5450 -2554
-1680 -88
-6004 3863
-5139 -1763
-7922 -4321
-4775 3560
-5029 -1320
-2733 611
-5285 2634
-8955 5350
-8952 -4441
-5106 2070
-4870 4260
-4478 2593
-4776 -3395
-4791 3638
-6361 -3617
-2673 -415
-3670 1328
-6672 -3832
-4883 -4345
-357 69
-6326 4227
-8384 5264
-5549 -2712
-4865 -4104
-4901 216
-2253 394
-4794 -3506
-4860 4135
-6575 -3771
-6686 4546
-8521 -4411
-9785 5386
-3999 1713
-2219 382
-6238 4135
-3886 1568
-8131 -4360
-4881 4432
-1214 0
-5126 2147
-5720 -2953
-1637 -78
-8843 -4436
-5066 1892
-6994 -4008
-4080 1828
-3308 -786
-7483 4995
-4616 -2756
-2039 328
-3736 -1150
-4935 -731
-4922 -593
-8914 5346
-1560 -61
-6215 -3490
-4836 -3824
-2427 -311
-6275 -3544
-4857 4104
-3442 1110
-573 84
-5110 -1664
-6827 4647
-2458 -323
-9617 5387
-4725 -3154
-5989 3844
-4912 -464
-4075 -1587
-4991 1469
-5691 -2915
-4085 1836
-4763 3504
-3934 -1381
-1632 231
-4961 -928
-3692 -1106
-5220 2461
-5017 1629
-7303 4915
-3379 1056
-4194 2018
-4875 4331
-6069 -3352
-3465 -909
-4891 -5115
-6170 4059
-8054 5190
-1828 274
-7488 -4200
-1365 182
-740 47
-5137 2188
-5616 3300
-3123 855
-8176 -4367
-7319 -4141
-4765 3513
-2811 653
-4103 -1631
-3917 -1359
-5360 -2381
-5011 1594
-820 42
-4392 -2166
-4323 -2021
-5245 -2090
-4404 2424
-6605 4484
-6931 4713
-9221 5371
-828 107
-4664 -2922
-5033 1718
-4967 1273
-8606 -4419
-2556 522
-4152 1946
-3772 -1188
-4256 2129
-7526 -4213
-2347 -281
-2819 -487
-6041 3908
-9416 -4451
-4976 1358
-6121 -3402
-4935 930
-4450 -2297
-2936 -548
-2057 333
-5854 3665
-4939 -766
-7237 4882
-8451 -4404
-3829 1501
-1852 -130
-3977 1684
-2822 659
-4201 -1794
-4908 486
-4889 -4464
-5371 2830
-4598 -2700
-5753 -2995
-493 57
-4483 -2376
-5389 2867
-3628 -1047
-8805 5333
-5259 2569
-1393 -29
-7397 4958
-2645 565
-2855 678
-2151 360
-3817 -1238
-5075 -1528
-2390 -297
-2117 -204
-3014 779
-4448 2523
-2409 455
-2264 398
-6862 4670
-5203 -1968
-4835 3912
-5359 2805
-4681 -2985
-2995 -580
-3002 -584
-4125 1901
-4852 4055
-4909 516
-1798 267
-5924 3760
-4908 -396
-6144 -3424
-9375 5380
-6249 -3521
-4734 -3192
-7274 4901
-7640 -4249
-5716 3463
-5015 -1252
-4425 2470
-2523 -349
-2317 -270
-1928 298
-7611 -4240
-5243 2528
-4857 -4020
-3278 973
-6728 4577
-8574 -4416
