993
8295 -11130
-9583 9884
3554 -11777
7735 -11452
-8197 -13118
-12691 -8638
6073 -3699
99 -12566
-6160 -10501
-7903 11368
4507 -1268
10577 -9338
13727 -140
-6860 -3211
1577 -92
6318 -5541
258 -12561
1610 -96
-28 -12569
-12523 5684
-4528 -1007
-13643 532
4413 -1189
-7307 -4534
-444 -7
-7055 -8826
2279 -12270
-4060 -12064
12369 7966
-13741 -784
1751 -12405
-3176 -12321
-6060 -1965
-6970 -9034
9121 12544
-13783 -2408
-883 -25
3713 -730
10647 -9254
3591 -11758
8519 12922
11865 -7406
-2090 -12507
4193 -12796
1036 -40
-5831 12558
5945 -3241
6253 -4615
-4574 -1026
-7339 -4719
-7454 -6304
6105 -3830
-916 -27
3150 -476
4304 -1103
5981 -3355
5178 -1945
5534 -2417
5386 -9968
11459 -8120
-6762 -3008
6302 -6706
6318 -6408
-7080 -8760
11459 9842
1816 -124
-5208 -1343
6298 -5122
5425 13706
-6436 -2423
4554 -11053
5449 -2289
10773 10892
728 -12538
-1041 -36
4559 -1313
-4664 -11808
5844 -8964
5195 -1965
805 13734
-7327 -4642
-6144 -2054
441 -13524
6159 -7809
-4475 -11898
6018 -3490
3989 -11528
13237 5390
6118 -3889
423 -12555
4926 -1663
738 -19
-4896 -11680
5491 -2350
-6863 -9276
13433 4438
5243 -10210
-5986 -1893
-395 -12574
-13055 4102
-5674 -1629
-7244 -8262
-5767 -1701
13517 3920
2434 -250
-1351 -13692
5639 -9455
6039 -8344
-4571 -11854
2313 -220
3577 13790
-7443 -5906
5885 -8848
-9541 -12614
-6306 -10293
440 -7
-11221 -11130
1869 -132
318 -4
-6882 -9235
6092 -3776
-7080 -3723
2499 -13188
-5705 -13706
4031 -916
4045 -925
-2449 -318
-7179 -4012
-4796 -11736
-13643 -5068
-7293 -4467
4082 -11465
-5077 -1271
-5854 -1775
5808 -2896
-802 -12571
-10941 -11424
6321 -5659
-1540 -96
6242 -7257
11641 9548
-4128 -12039
-7446 -5995
-5117 12838
-13685 112
199 -12563
4430 -11172
4683 -10923
567 -12548
4035 -11497
4235 -11346
9793 12012
4477 -11128
2827 -12094
-3801 13244
-7334 -7894
2288 -214
1141 13748
-2107 -13748
-8043 -13160
-929 -12569
2993 -12031
1651 -101
-757 -18
1409 -12468
5140 -10366
-7350 -4790
5424 -9896
-662 -12573
-9877 9576
-7266 -4342
-6048 -10651
6173 -7728
-2317 -13762
6321 -6281
-9051 10388
6282 -4886
-4226 -12002
5784 -2847
-63 -13580
1716 -12413
13769 350
844 -12529
-737 -17
-6773 -9466
6192 -7607
-4247 -900
2119 -12315
-2031 -12513
7441 -11606
2161 -12304
-7426 -5588
6259 -7121
-2402 -12468
6475 13566
4602 -11006
2457 13790
-1754 -139
-3115 13384
-3085 -12342
-5453 -1485
-6569 -2638
-6935 -3372
4039 13776
10675 11032
-5665 -11098
4459 13762
-7047 -8847
5153 -10348
-5530 -1532
-3213 -13804
-12187 6328
-7132 -3866
-8169 11158
-2835 13426
5744 -9218
2323 -12257
1924 -141
5999 -3420
3361 -563
5852 -2993
3213 -11941
9359 12362
2695 -325
1799 -12394
-5041 -11595
1690 -106
-11081 8106
3018 -429
-6802 -3090
-7368 -4916
6324 -6079
7161 -11732
-1127 -43
-6694 -9625
13783 644
8057 -11270
-6798 -9414
-7110 -3805
6277 -4824
13097 -3906
-6904 -9186
6531 -11984
-6668 -9675
-1967 13538
-5928 -10803
5103 -1859
11179 -8540
5333 -2134
4512 -11094
-4181 -12019
-7436 -5761
4053 -12838
-1598 -107
7539 13300
5238 -2016
-5748 -11010
6313 -6543
10087 11732
3479 -12978
-7456 -6623
3621 -684
511 -12551
470 -12553
6324 -5890
2578 -290
-7231 -4197
-6269 -10347
-4328 -11962
11991 -7140
-7189 -8448
-13713 -266
-4235 13118
6315 -6494
-6816 -3119
-7434 -7079
1317 -65
-7448 -6851
-5481 -13720
4134 -11428
5392 -9957
-13587 1050
2014 -12342
-1581 -12545
-6372 -2333
3252 -516
4794 -10801
-3875 -12130
-3498 -12242
-7394 -5156
-4418 -11924
-6554 -9885
-13755 -3962
6250 -4593
4819 -10772
2224 -12286
-1979 -12518
5355 -10024
-4521 -11877
-3292 -12294
-12831 4844
3768 -761
9821 -10094
1264 -60
-5983 -10734
4188 -11385
12271 -6524
-5423 -11327
-11501 -10808
-6125 -10549
5170 -10323
-6679 -9654
5998 -8488
4891 -1626
5455 -9836
-4825 -1143
1390 -72
4301 -11289
-6626 -2741
6315 -5467
5568 -9607
6311 -5374
-4270 -11985
12677 -5544
9275 -10500
-10829 8456
3633 -11735
6146 -7882
-7297 -8060
4602 -1351
12789 -5250
-3107 -12337
6261 -4680
-6951 -13440
-1963 -186
-5210 -11488
-6886 -3266
2391 -239
-533 -9
5307 -10108
-7423 -5539
-13293 -6986
-6908 -3313
13391 4676
2490 -265
-2555 -13776
-7280 -8127
-5496 -1511
-6474 -2479
-13769 -1806
-5169 -1321
-2565 -355
5068 -10462
-5700 -1648
-5702 -11059
-1677 -123
5937 -8690
-3849 -12139
-11893 -10192
4749 -10852
-7409 -5333
-2226 -252
5899 -3112
-10213 -12096
-6516 -2548
-5773 -10983
-830 -22
12425 -6160
3171 -484
2233 -13244
4117 -11441
-3546 -12229
3378 -11865
-7386 -5079
-315 13678
4269 -1077
-9023 -12838
3566 -658
1842 -12384
2518 -12197
-3631 -12205
-13391 -6622
-7115 -8664
5943 13664
-12425 5894
5818 -9033
-2102 -220
-11305 7784
-13755 -1288
136 -12565
6055 -3628
4473 -1239
5717 -9283
-4632 -1051
-5564 -11202
1506 -84
-960 -30
-733 -12572
-3852 -12138
-7225 -8330
-7454 -6707
-5792 -1722
6923 -11830
6295 -5075
-2302 -273
5366 -2177
1298 -12483
2395 -12235
6080 -8191
-1337 13608
5693 -2681
-11739 7098
4774 -10824
6320 -5618
13587 -1344
-7198 -4075
-7408 -7388
-3009 -12359
-7372 -4949
6292 -6820
-7313 -7995
5404 -2228
6036 -3557
-6665 -2815
-6784 -3053
-1603 13580
-10171 9254
-6629 -13510
-7427 -7168
11417 -8190
-1405 -74
-5912 -1826
4927 -10641
-7133 -13398
5568 -2472
-7323 -7954
-5117 -11549
1897 -13314
-11977 6692
-220 -12572
5080 -1833
-5223 -11479
5916 -8755
-2319 -278
1519 13762
-6164 -2077
1896 -12371
1290 -12484
-7451 -6150
-174 -2
1380 -12472
-5497 -11265
4651 -1395
2834 -368
12495 -5992
974 -35
-5887 -10853
-6111 -13622
10997 10570
-6335 -2282
-13699 -4536
12817 6706
13335 4970
-13125 3822
6280 -4861
1740 -113
-7166 -3970
-4200 -884
77 -13566
6276 -6973
-6647 -9715
-6470 -10031
-7451 -6781
-6086 -10602
1309 -13412
911 -30
-6739 -2961
-3899 13216
-2167 -12499
-1648 -12541
-7279 -4402
5664 -2631
5597 -2519
-7441 -5849
4689 -1430
1991 -152
5332 -10065
6233 -4495
3083 -452
4846 -10740
10339 11466
-6506 -9970
-7446 -6894
-805 13650
654 -12543
4992 -1735
10605 11130
3209 -499
-7394 -7510
9485 12264
2622 -303
5705 -12292
-6568 -9860
-3705 -12184
-7431 -5674
-4921 12908
2463 -12214
-869 -12570
-6029 -1933
5769 -9157
4872 -10709
7203 13398
3444 -11833
13755 1722
-12341 -9380
-7371 -7680
2870 -12078
11851 9184
5696 -9330
-7414 -5401
6108 -8069
2923 -12058
-6959 -9060
8729 12824
-11711 -10486
4782 -1518
3934 -11562
-6445 -2436
1221 -56
-6607 -9789
-6956 -3419
13629 -1078
2229 -200
1000 -12515
6123 -7999
791 -13482
6285 -6887
3676 -11711
3955 -12866
3269 -11916
-4986 -1224
5616 -9505
6201 -7548
-3758 -12168
-5154 -11525
6028 -8383
-5259 -1372
-1713 -12537
-233 -3
5738 -2759
6076 -8208
-13671 266
5012 -10534
8253 13034
-4982 -11630
5925 -3184
-1197 -12562
4970 -10587
-1016 -12567
-6919 -9152
-3365 -12276
-1162 -12563
5751 -2783
674 -16
-7403 -5255
6182 -4207
7259 -11690
-7441 -6980
5220 -10246
13797 1204
-5627 -1596
5957 -3276
-4613 13006
-4929 -11661
6143 -4005
-7396 -5177
-6229 -10404
-6998 -8967
-5608 -11157
5515 -9717
-10675 8652
-575 -10
-10479 -11858
-6587 -2669
6322 -5712
22 -12568
12089 -6930
-567 13664
2572 -12180
6319 -6377
12971 6258
-1845 -12528
1125 -12503
-2375 -295
5979 -8553
-13209 -7252
-13391 2478
4349 -11246
10143 -9800
-7020 -3566
-3843 -13790
-5031 -1247
-2500 -334
-1337 -65
769 -12535
5037 -10502
609 -13
-676 -14
-833 -13650
12523 7546
-6227 -2151
5454 -2296
5667 -9394
4739 -1477
-4857 -11702
5704 -2700
-1368 -69
6305 -5250
12775 -5292
6302 -5189
3500 -627
-7063 -3677
-11515 7476
-2240 -12490
-4890 -1175
-4768 -1115
1073 -12508
5803 13678
-12971 -7924
-13083 4004
13587 3388
-5864 -10881
-3493 13314
-583 -12574
9681 12110
-6726 -9562
-4692 -11793
-6992 -3501
4429 -1202
5038 -1786
-5131 -1300
-2685 -12423
-4697 -13762
5341 -10049
-1774 -12533
-7133 11928
4991 -12544
-7206 -8393
6059 -8271
6285 -4927
-4319 -13776
-5446 -11308
-7455 11704
-2493 -12454
3407 -11851
5974 -3330
6220 -4421
5976 -3337
-5835 -10914
2921 -396
6273 -7001
-5344 -1421
1588 -12439
-7440 -6996
4712 -10892
-7361 -4864
6295 -6786
-7366 -7712
-6097 12446
-4347 -936
-7380 -7615
-5273 -11444
6308 -6633
-2679 -12424
-7407 -5306
2333 -12254
-6632 -9743
6309 -6618
-6407 -10137
-93 -1
3735 -11678
-2167 -236
5829 -2940
-7151 -8562
1491 -13384
-6375 -10188
-83 -12570
-5941 -1852
4276 -11311
3501 -11804
9905 -10024
-5246 -11463
-5810 -10942
-5605 -1581
-13587 -5474
4104 -963
-5099 -11560
-1362 -12556
6266 -7062
-2326 -12479
-7450 -6117
-6461 12292
5516 -2388
-6435 -10090
6307 -5291
-6197 -10449
-13783 -3500
8911 -10738
-3941 -12107
-491 -12575
2751 -342
-6406 -2380
2054 -163
926 -12522
-7457 -6545
0 0
2191 -191
-4620 -11831
-10619 -11732
5801 -9077
-6327 -10262
-4371 -11944
3833 -11622
3829 -796
-5640 -11124
-145 -12571
12999 -4382
4392 -11207
3312 -11896
8673 -10892
9695 -10192
-7415 -7313
1164 -12499
-7128 -8628
-6544 -2595
-2873 -12388
6097 -8117
5104 -10415
5144 -1906
-6090 -1996
5792 -9100
6937 13468
-10437 8946
-2839 -12395
6206 -4342
369 -5
6269 -4749
-12075 -9884
-4467 -982
-12677 5278
4894 -10682
-3219 -12311
-4673 -1070
11641 -7812
-6593 -2680
-1464 -83
13671 -686
-7455 -6680
-6634 -2756
-7348 -7815
-7453 -6246
255 -3
-1091 -12565
3876 -11597
-4002 -12085
-6688 -2859
12159 8512
1469 -80
1156 -50
-6985 -3485
-4296 -917
6210 -7486
5596 -9548
-12873 -8190
4963 -1703
-4397 -955
-1911 -13734
2961 -409
-13657 -4942
2193 -12295
5537 -9672
3862 -815
3772 -11657
2862 -377
-12509 -9030
5904 -3125
6320 -6338
-7452 -6194
6699 13524
-13321 2912
4993 -10558
-6834 -9338
5875 -3051
-2760 -12410
-6937 -9111
-5941 -10787
-5738 -1677
3674 -710
-6023 -10683
5632 -2576
497 13720
5306 -2100
-291 -4
10703 -9184
-7043 -3624
-651 -13
1949 -12358
-13461 2030
-396 -6
5271 -12446
-7402 -7443
8911 12698
-8841 10584
-5895 -1811
6222 -7403
-49 13692
-3535 -12232
-5299 -1395
-7456 -6454
6290 -4999
532 -10
-6829 -3146
-3442 -12257
6130 -3944
4318 -1114
-6817 -9374
-7090 -8733
3319 -544
-6187 -2104
1515 -85
5271 -2056
4809 -1544
-9289 10164
12901 -4788
3152 -11967
-2821 -13790
-4157 -870
-7418 -5460
-6255 -2184
4515 -12698
807 -12532
7959 13146
4185 -1018
-7366 -4901
5960 -8617
5085 -10440
1513 -12452
-1210 -50
-5526 -11239
-1001 -33
-6523 -9940
4132 -982
-2449 -12461
3912 -844
2961 -13090
-13223 3374
-13097 -7574
-12341 6048
2774 -349
-5825 -1750
-7422 -7231
4674 -1416
-9121 -12796
6251 -7186
-12957 4438
183 -2
6181 -7679
6322 -6215
-7318 -4590
-1930 -12522
3864 -11604
-12005 -10010
6169 -4138
1649 -12427
13671 2646
6013 -8436
3418 -589
-7567 -13286
-7379 -5013
-2936 -12375
1121 -47
5865 -8905
-4745 -11764
6209 -12110
-7215 -4134
4008 -902
4851 13748
-2630 -12432
2697 -12140
-8603 -12992
-7609 11592
-7389 -7548
-6965 12026
9429 -10388
-5383 -11360
6244 -4558
-13475 -6258
-9891 -12348
1967 13776
92 -1
-5320 -11409
1223 -12492
-1285 -12559
-8519 10864
-1443 -12552
-1522 -12548
791 -22
6233 -7324
4228 -1048
3605 -12950
3044 -12011
2758 -12119
-6752 -9509
12677 7112
2738 -12126
-1942 -181
-4739 -1101
6325 -5986
6325 -5987
10423 -9506
-304 -12573
-6579 -9840
12649 -5614
2645 -12157
6132 -7955
-1809 -151
-1279 -58
-7263 -8192
-7173 -8497
3970 -879
4846 -1580
6055 -12166
5270 -10167
5488 -9772
3017 13804
6137 -7929
5823 -2927
3105 -11987
10955 -8862
-13447 -6384
-346 -5
3468 -612
5844 -2974
11963 8946
-2562 -12443
-4939 -1200
-6292 -2228
5441 -2278
-5062 -1263
-7355 -7775
826 -24
2561 -285
2118 -176
-1886 -168
5892 -8828
1457 -12461
13111 5824
-2041 -205
4649 -10958
4370 -1155
-7106 -3794
-5367 -11373
-5394 -1450
-13517 -5978
-13531 1512
-5439 12712
-357 -13608
-7249 -4270
6323 -6148
-13797 -3024
6323 -5797
-13503 1722
-2513 13468
11221 10220
6119 -8018
-5243 -13734
-7143 -3897
-6559 12250
13713 2198
13601 3276
-6710 -2902
2053 -12332
341 -12558
-3571 -12222
-6363 -10207
12327 8078
-12201 -9646
-5559 -1550
5965 -3301
-7020 -8914
-3794 -12157
13629 3038
-6481 -2490
