1000
-742147404 -283695660
-466639637 288446353
-83175126 146887879
969866611 -661949195
334569680 -966256649
55429457 51833284
-748377689 -415645264
34617026 853758184
-118667814 392964857
-929275128 -49421111
-19389314 614045676
-12269024 -39409010
901905217 -20981356
-81827036 -37385291
584210585 674652750
304249193 -600940940
-281778686 797922188
-728903137 473970484
-206231642 -780633881
-96337294 855506162
-839430333 -735388638
-507873634 -238541511
796221929 -703242135
-130089559 -846427513
-880484168 525049432
125566248 904285398
802015823 632842062
-193705644 -340697687
-523173450 266124019
-990425240 -605117378
341275748 333533423
921669309 -312789001
172215889 -324318261
-396596852 -469394322
359758910 -628728114
749145924 -552150635
214498755 851404298
-775970603 231194448
-296127524 908667626
-404316357 644235470
-302961273 -101833146
243330878 336467950
-523912959 -107211171
192422236 871664159
-419844780 -424017993
-407744463 314602023
245692187 -805797458
962283540 808101631
-951454584 -399621082
361394473 846612127
708274025 -918250288
-469393351 842384422
-147037582 -173730460
-4644043 -151822026
996045579 -191155367
875326188 -470083749
-321810819 -286389831
-150673988 -926878023
-636755210 -990141748
436238080 -923910646
501190038 -946954898
895028731 673094352
-754676036 582454862
-413959432 -3719543
217977231 -992279295
-934448193 -917387297
-256162498 -934197326
-889785442 -675759465
829581328 925540629
-537490096 687356340
-999889300 257963698
-46108220 200425731
-772211800 -487379712
-759759648 482463335
-934109104 435705343
-752408621 579739017
-629767211 -758707442
737457155 -731465961
-936850810 -917640410
848584166 980737036
936423541 618423793
-189252830 551606435
-840955827 765719997
-379238349 417217683
-779045779 -367560026
812988241 -235316405
29025485 781305621
116566837 545255431
-775856237 -46771552
-879241043 -623837973
459981124 888247042
664477727 22443577
-991903789 -5217265
-915271905 946191607
372760463 -998566079
-699300493 841095177
346381066 822901743
-301119409 56468184
561770370 696877029
-897893870 -253788220
-448324896 509567790
-697539544 219073433
-514725348 -862296073
-828410794 111358080
984147694 -269800249
-842060193 685709785
333633888 143100394
-784764589 -186156131
-508018786 -287314533
-284721941 -721733422
-323437218 893614344
745981157 -879844079
284558662 -315547333
429670214 437757825
-702082704 582563115
-829997861 631047650
-997584856 -941619519
588611340 -25703751
345254285 -229416878
782628703 734334314
995835046 934675595
-557678176 -935069408
211423909 -315724979
-214648638 -348630467
229539771 100675449
72549075 -197481006
620604168 511475951
580924580 657681812
360231077 497576505
-661374625 -74834525
-358005513 304206549
460873648 -180285100
350115740 -292361941
-497072423 640044881
-384251809 -244638767
-12842929 -811755133
29218621 406814060
-768203056 449988188
-351834611 452684925
-984231795 -400713009
-168783476 861637440
809896685 394283221
-253102210 -20630177
-315792252 968060610
-600241830 425784607
56630262 514941685
839475973 267286505
-533159489 783045365
-317189410 -877002717
-920014389 -950493843
916614717 -191512771
157219956 170091775
-401242084 -643598087
-629374153 902204513
459222776 -259609519
-758161278 82761587
-193947994 222654843
-411638238 653593212
666076190 339833085
-511247854 -938677903
999707668 -580279059
-393157468 347306540
408542587 -965879028
-950642543 84997554
-813492012 860252728
-615653502 452486573
-933390748 484475956
-998671569 -939583589
-945843547 64640661
288597245 -287030228
-37249541 430286503
-33082003 153313451
-504769829 392438404
876824050 -918579488
-233072218 808849955
-590268477 -633440321
-72210641 -20357253
-616551780 103151192
144503803 792076779
-871704998 836470946
-671361368 912246319
305999521 242785177
793522314 -482595366
174244010 538494235
343136639 -653613532
990599132 -677380978
778574634 918284500
796384519 502064590
554755731 -426566636
996050969 -21082735
726952447 -719232097
-719367953 20256007
-166616492 -377027861
178062246 967110831
-886245476 496447937
685869721 477662593
-23887431 -710304475
-994645863 865122413
-73098048 587395405
802324349 -897659131
-663715753 44780249
4786585 -111042097
-124371494 688469924
360540312 858582827
143687269 -327795463
-494600127 -57085361
-747264951 657468613
441265303 -763451153
-443766969 263437061
-802779267 547318091
-197144095 526330011
412821151 419401077
355633079 -707116474
-86177156 -815479660
229525505 790584791
261663621 -597807966
-863493540 234070435
643437132 182053794
837092896 -610198004
-789810608 -190713354
614637921 729866586
886124520 3535302
826865214 -933185419
942960066 98837165
886284879 -783668951
905498019 783108862
912167280 66412503
-898823775 -159849265
-253890944 -713877144
-544481001 -77986343
723645973 764313361
816496759 -451918868
-349406389 -27179097
-642728723 759042972
-299457581 957308975
-440652989 518900513
804262442 -606707433
-907232042 427435530
-491235211 -423398892
104880705 601597200
539934375 308163855
-491287035 -545170742
984859043 817687423
-585059843 423167643
-644140634 572377004
152314672 512213383
-280043882 529823396
74045035 612387984
-790527779 542482374
-382944091 -397382154
-464022623 -334446309
-377506396 -223333669
31746789 -424849240
47988956 96512570
950848281 -795172493
518564896 836183897
-404554114 85565290
-800861831 -799546227
-325837881 530139905
516387423 -611883825
681281815 -532583035
767558885 235313953
639514022 -947357341
448335272 600756918
-909531024 -117357059
-450352859 959146506
-796459476 -187013054
-77899573 24976752
-647001237 -331964091
-87554998 -257410452
91558682 417540776
-596964575 885167206
192129978 618729942
-569203588 -823503521
19597177 -797431513
-462581942 289468679
62988562 928400844
148063688 514728281
935589346 -855131108
-30115968 110387763
450508563 176930167
455087228 -347764618
-331052523 873855760
940473370 -19082396
-267040121 690308171
619186760 -347460741
-863327248 402513684
-152597422 -136314697
-662047889 -36893280
-940292590 957713974
795911874 175934246
573720067 -291550358
-889184616 -774496983
-172463587 -103035764
-736848005 215261527
-385386871 334337646
524593830 36864620
416720532 407300692
-808760234 791382588
-711641900 -763301132
-444807811 298926063
299312990 431244408
-997233291 -148108098
444049073 960750150
-364992596 -655915667
360697343 -413711192
764567338 -53714045
-775217827 633451373
-245611365 122797441
-997767634 202554352
-819534036 -805484002
-566259493 482476155
72354999 -680265842
-95781924 479101593
79073220 325028944
-191150126 -733077062
-923149149 140393552
-725497298 -516196590
-85874340 -417222365
-407515227 -101416704
-633617273 -470539672
753641238 -714287897
-592758144 -810605534
218355156 -800770148
162545752 -500407450
-206988522 -176359716
-142462603 498339672
218187801 -692114404
346020272 907126451
546220108 927951441
150277888 -884181443
379536531 -283785050
529123954 779587310
-695433790 -12818793
-26787814 -667197604
822394320 119364799
-869757066 305028696
-941458112 -258053487
108484872 -376110009
-803043994 890603067
-582633346 -152824717
921625052 -150294724
-492748584 -704397331
191170051 -727135257
242946060 -282009445
-956622554 -874727988
53168057 696125943
-53619898 -58758197
512147385 603914473
-280984196 -100100021
808879512 329331173
623805990 436373049
-799496503 -799994642
-504629964 -812211061
2648766 319336828
-642565774 750399221
-39157149 32247406
-446212496 34758222
-566899287 -87699328
507139209 -43259387
852053012 974766670
267973851 -273036478
181853455 575256798
937728204 -441864113
469627555 805160417
-104147653 407777171
-512752959 -718085041
730422920 -91535376
276725788 82018027
740024291 -719298446
882755410 -15463520
-466606249 626107723
-467184189 -133845097
594507855 -441656522
-975927554 -247546837
-214482111 294250642
-782192516 -746544655
427854401 -357914020
770043707 -875928361
561058352 40954961
-703718280 724619562
-811084169 -681171073
930189949 292658363
154457171 -899259883
547665548 -46397276
173025866 -204358497
56639990 -480799536
799303412 -831585006
-704382657 -576932193
-461041128 278945033
-335502178 978242610
-544518020 -701002927
-354453325 -550445344
139147064 -562501265
-966744062 951043025
313676695 171256265
-970047479 -376903538
98474531 423740903
233867997 -555357229
-989694073 744605022
979050164 390814692
-708259691 -679539056
-740937199 84373910
-815252227 -403435345
-328738042 322235031
-667350781 -380732282
-323984765 -682060827
839014822 368251457
326156407 -87970753
21257806 -303048021
107532145 940261741
-434386081 -116578157
863010077 -216406123
724125194 797519165
-914151614 288840571
681983057 323155296
-460798613 497212020
-465474932 868428004
-852852110 -366917745
-80288243 558383942
605950746 110770965
287980393 -538933954
487410203 360740503
-675284112 949177312
-170711709 334835525
52588 -670611687
-982976824 244462123
134481110 -281786983
780223075 -548382310
-288774530 -750333879
942719583 -12109495
807439479 -814807683
-3223794 549001917
433590017 -539199373
-349764177 -765359034
-176747084 -278730509
699379752 101598573
-363242121 334426504
444783040 31190490
-786635108 -697228694
995988008 -850209684
105372936 527855085
-872892441 -149196538
522660547 -50256597
-479494919 -681061819
-408100325 -287370030
-376408247 -24324588
-357054138 796175515
-286586221 -112242641
566468877 -374493415
-82970893 -475763704
-892940753 580609430
898637644 757739478
388174756 -160284702
-185517665 -396338252
931450942 -143602698
462130426 411420081
124132225 890639813
-713293429 279842034
-285150705 -253920450
-543734215 -987593163
-75804943 191971414
385063183 930832438
77737014 -510221042
363640596 805196943
-213755171 -92239553
-931465920 -521804558
103097018 -348290322
554815116 694550634
72911267 233236884
849679634 401711285
854041135 140078069
542154691 702396932
540522888 681660484
714249837 -800082976
888239502 -309296643
-806874235 -516885920
349694690 494158942
476780676 -524516353
-679480166 -5040296
806299290 -523977452
903748950 -805062627
-605891445 -733069579
-566206038 -61005625
-412766361 260473642
-496118018 89181753
-687803452 970757137
304183513 559645617
568117224 -498757142
-261020613 712552367
169279589 285606755
288794288 927815854
277218349 -369955796
-557207106 -450849900
-393416156 605467317
549366950 761356242
-858260441 418144239
415964708 626447084
394857545 965149914
-799971876 -982620163
-349905545 -272578453
351909231 -76293125
-251353610 -510697183
-686313969 417765809
-486464371 -438281015
184460836 -703043833
-158921077 -135703905
-289549592 -618866165
726660236 479265002
42073206 -321192368
-118305006 -398697676
160394216 399244112
344095606 354823649
-489470972 687316698
432065296 -117251721
-510860783 970719689
-888068340 -91675202
672728060 -399192641
358785552 487669085
-169749492 -930021329
-369069689 11597270
898594960 -203131483
908801757 -171122256
-244496326 952808781
-262802165 536486501
609645920 -416806644
940193955 762133221
-848778652 559496333
36401423 914901712
-128936925 531664961
-736404276 684684159
-338807400 873689376
-454729083 24698301
428599696 863905797
881563318 490796145
242338503 -655608581
-130478724 -631274806
-189928779 666631621
-948487082 623877126
-519415353 -515973583
827982431 644813471
-506930416 -221730642
138573840 -393494366
546524111 -981504018
348154586 144900427
358181236 227931905
74471303 418070917
447882794 -727285996
61074429 -950945200
-361160660 -723126309
-675854042 583074949
965147770 -826089313
-702050267 -949619416
-92914640 -253418495
-39878228 -585408046
-711204361 219372936
982283308 -115928739
-333709688 -281457166
874437656 69833709
-716987038 757200749
-72610624 216343172
657313832 937806072
830289610 -301825323
523853023 -524054909
831294019 192368883
253412955 -94539007
-955336873 -597466466
-992279950 214361283
490465920 -264747652
-363099029 725332114
-85222607 241067149
923140316 -563194304
-421187818 682772245
-972724507 -832417282
-86592745 589975566
690715369 -629535351
-343393380 760213726
331355460 406434986
-908299289 -378704323
887496151 -227022044
-468139025 471480172
-205463909 45648574
-737889531 542178104
-226345698 480195055
-299349622 -741288469
642030402 326123071
-182452350 254682146
969544941 105162657
774263090 -259895929
418467535 733405953
-369143301 501372278
369868879 529988889
-405349779 493667621
-583493488 -471334480
91835196 634678229
-143242976 544113637
-711519800 -804155688
852531760 -759135521
-678922356 -519959453
534931539 847869359
179423633 -205680695
48759611 -805013229
509802220 946033261
-357156145 -552564471
-560120060 -394190379
-111757181 878321820
381569553 335186612
-730362711 -355332921
955035643 -209533519
-431827737 -136012427
-456694461 951503378
-633933413 -355965321
538093998 578030648
931033275 809653409
770675329 596093661
-921595397 -484356610
760595209 461711605
-28410251 960932925
-775551366 -673472677
-270910741 159361780
228692594 -17239860
-274224005 731890939
-140006448 805957707
763134545 -228480653
-359965711 763170808
973187522 740199578
-304604023 -545275098
796392568 866911774
-737421340 392154337
155085898 -23179877
448295697 343914277
-86624812 -163781582
245131043 58620437
463488376 829941530
-338798949 -49350439
313523906 -621874688
131690196 -753009558
155418843 41749590
889414958 244768845
-910857775 105291752
22503240 -207630880
-914473713 876186816
708920053 326635838
-332985065 251273235
342766967 -882259432
331718228 267861905
13539489 575698891
849933833 -273677496
215483687 660296361
-981519860 859058637
-310286827 83644793
393994484 -886303855
-820793934 -498754561
578071941 -640823045
-675098540 576329219
763440429 -772366722
259803737 -809086758
103632510 181745526
140846831 -207554515
860221539 403955182
-547607402 223583066
521487128 -16215536
-907985379 -204933004
394660496 967707654
-328044910 -215138866
-545152220 845828593
-925740789 -277787036
396496964 -773028166
-855299261 459655284
442275338 301828001
-713843154 -613527410
630450079 369598313
848317529 -340914586
632336173 -873261994
454088528 -241932455
279410202 -985063367
-311421671 -402772668
-920768955 756985260
649595417 -654097302
911136784 864498395
-660130027 -451408586
29249768 -3130428
679613052 240999788
-726460117 800820296
-322971011 -638678759
-24130857 -47045592
-34216754 -411846676
150123420 276780215
7867219 -656293801
939618138 -801439297
629899204 610254969
852236408 245936633
455542535 -216134278
-146113174 -134031589
-289262301 -760457304
-684232257 49154135
80095919 -58705289
-72849155 292528870
518980201 -939146974
705472317 -418477072
-387234701 -264165018
66913368 -994483988
-641179865 546167108
530541178 -704628844
-411467678 734229074
425853708 -600807723
-83575483 -478823491
364237908 -793403690
84258912 844695961
-807098278 -825234611
-641019464 -322029767
667636468 177479220
-241886208 -734370000
335606901 -912275149
275680591 -928514642
888064923 -85700761
453755930 636066611
-226923086 966549738
-129293061 953523913
-18067238 556483456
-775145357 -533652489
517231241 889337838
905741343 -349379382
-299596087 391948446
-894983676 696300768
-171474023 760951787
-716365449 -911967277
462794684 272122113
97698528 -78181216
138201489 -177206551
408803078 -320313930
-751422213 -551172766
-727593471 -491519821
-563173237 118496601
501688494 179819956
44741065 -933850823
826567190 -497599774
-644696521 749684722
372601811 582841867
-792018313 774726135
708229767 -82060292
-295376679 838965226
-133442529 917481849
175076906 37851359
627949840 809964633
-591252502 921532956
-290891040 -289240366
20033706 112858853
93769793 -961398792
-681707522 -685555801
-695905950 -103186369
645420997 830815287
-350634055 176634235
-662147774 292981185
105968667 685842219
-999878861 -260952916
-306784381 -545137239
347319262 675889814
-702571724 -985437971
-430228952 -563743966
387912820 -233794224
974697513 -614564056
965998277 901911714
-555113553 -580312492
-874622276 -287120218
562959201 -859178339
884369444 511735060
604711509 -447325695
-637698075 653740736
-175951159 963728434
287356171 150424934
479015540 176302912
-106526497 420116614
-131166742 -887163331
-762166116 -931508172
917898539 976747664
-908680717 980690013
-763959373 344545661
622517799 -875738387
457117467 -526419934
-625738215 -680259867
-384935925 -340054221
996397910 -802388354
-146944938 -950903761
-70243205 621963469
53814892 452454373
410295076 -245186853
-425716862 -173827744
258922448 203251319
750902642 861754066
-243509647 298156669
-606600308 543861739
-530072235 911923505
-96385962 891272130
858583345 -467432030
-254641851 -79560584
-420173103 -620492763
541161498 -977145090
-915020780 270627809
-205972663 -736625443
-222265134 897722049
671292068 584997807
-762544572 -38212928
-915091015 -6844309
667891203 -549996812
527737449 240251758
432488344 -344559205
-465585934 873234220
-200665256 427533740
-846087113 -18362767
679025942 228929414
-967494416 215248224
631221939 -96821407
-44706990 -381497424
367959218 -471854513
147219486 42810
-921624423 -960024656
478527163 -97681572
883484281 -576964037
64184818 705267970
-765368867 -920699082
-981880006 324134839
24816971 -372609889
-269007801 732764652
282265865 -672631488
803300871 916134354
498508834 -833155131
-941799984 -332070254
110588218 896886215
250716397 -859915623
-538515317 711606686
493168575 -667904358
813046457 668352512
129254421 -795366368
-455126205 262251091
926939994 641799969
-434600706 -703462720
888808238 293550890
114737573 504269036
-146360972 -165940514
-208732671 -47993686
536389323 -535367005
28960676 -959717495
800874556 -146617175
-611315561 689100156
-545832058 -994593572
812708467 -399942169
-596578547 220979479
709598548 -32998692
473836356 548467373
-525653419 -534511736
-33182765 374976546
801350475 124130628
-865500739 709227166
587194079 -522522323
243385792 743571474
-622535581 -514935959
497327249 530650505
852282762 -498958833
258753416 -278131066
367203003 858884743
748575940 417096298
997053151 -397278858
-130346726 667963295
-650182256 -735863781
685356031 154568019
-432000042 -193563924
-265907516 12624449
959924640 16780773
-196572916 940150151
-867851474 938335509
325053736 -262549669
17545134 -631591383
135385489 -888037123
966119512 409464375
534420130 -789254983
-647792316 595423841
688654024 842253390
24161433 960819596
-640409425 401856137
334820753 -981286597
39422384 662096916
-288221702 227404253
401057258 -558351440
-509444114 924790145
-363532984 957095095
969263255 998555976
-234383883 -799935896
535555190 200368843
-419503915 69816400
-924869904 -205486492
-59357445 218344584
63698364 -967342991
215090720 -872349276
-148984728 -951373604
-437092546 203605155
297196619 19614384
791025876 -594407928
458896229 -227105193
-106413362 399071830
-396850368 -59735623
-491949543 -247221693
-763916871 -559792277
63718182 -949536349
861678901 -48347618
176315345 -941838298
-456897800 24620117
980677892 429393866
577478843 -568984645
629932963 874568728
974722765 -494292259
549495230 585436729
-509265575 620848190
236146211 -666915857
597906327 937376141
592793533 -106246083
-236692511 -792197088
291140482 -651776103
-264144840 -134787287
-541116342 894741190
441055040 685553724
964816522 -528059242
37670295 -61003389
-152289912 -210261416
314087355 -84329640
377366845 -765016812
-545686822 -53347602
-706106717 -390835940
-139529048 -372818777
-749676688 92178745
-449149473 206645991
-150629070 -692611393
26149733 -968787866
-398352151 -146191281
-787490177 -320737903
-668908762 -607006306
-629302822 752569788
-829533879 212616267
-374620317 -691149155
-862806331 -128233970
-691220795 587134739
288831118 -136213808
640924321 71765961
-406887469 794140213
-492714955 802965982
-17597915 -34831523
29534216 -691740300
-164921600 591090771
764082830 821089438
401266682 -483718599
60177863 361028965
15747333 -197223505
148183789 -912049136
728562885 71265595
-281805822 286838232
-64105808 498201220
422549939 -795960939
52825082 -989379901
690729040 84034704
-883287296 -229525154
166275960 -518327297
546710035 -637464679
874246034 628794911
138391943 214409190
314039552 -806392096
-202304959 -718180472
-19779462 506480241
952805205 -839102974
-364736245 -267706380
-92606321 -42807347
-302434682 880419387
-495053601 242280655
-459984063 139236809
-414411938 223496835
682280260 997694006
544531155 -764948713
-659800719 225733513
102158296 -270176331
-318790714 -582720961
-181956990 -875550855
-33212919 -499203569
502595961 480489988
502043297 -156310974
726045234 243356981
392926290 -277388646
-262048292 639379613
-200375716 -529474309
858132305 -863414481
320347077 432149067
520558215 -489872438
-139195121 567295936
-414858308 -45295360
193639038 -911113223
-811423807 73997782
87611907 157844775
-873584770 -599271355
-150292157 248994948
175199274 -860281966
652955891 416149863
647980187 -622436176
