983
-3074 -2437
2999 7501
14818 -2250
5472 -3245
3839 -2737
4856 2813
2939 9086
4068 14174
2947 8581
3328 12152
2788 10818
-4950 -2840
1322 -2312
-854 -567
-2057 -1335
7371 -4182
2781 6061
2869 10183
4399 14770
9877 -1207
-735 -472
15290 -2253
-3716 -2540
-3995 -2015
4489 14921
7388 -4193
3114 -2561
928 1221
7497 -4265
10031 -1295
-3359 -2478
12110 -2002
1545 2140
9541 -993
3075 10730
16428 -2209
-1810 -2314
-5372 -2181
2192 3587
3 181
3011 10153
-3479 -2497
7601 -4337
-2011 -1310
3038 10412
2731 11129
2907 7225
2945 8673
4961 15632
144 317
9396 -892
195 16231
1900 13801
12520 -2083
16535 -2201
-2473 -2368
193 367
-5692 -3115
-3183 -2452
2631 11603
2826 6365
2558 4906
4743 15331
2686 5514
-4958 -2146
2061 13451
3876 13791
-1950 -2324
3638 13215
1555 2157
2976 -2531
3968 13979
3987 -2776
2924 9410
-2539 -1556
15877 -2238
3529 12886
2931 7769
1995 13597
2751 -2484
5111 -3119
6016 -3460
2728 5744
238 414
1033 1356
3021 10250
2964 9594
-725 -2265
10097 -1332
1072 15228
-3528 -2505
3581 4878
2972 7815
2777 10883
1165 1540
3039 7102
2918 7410
-3625 -2523
-5299 -2175
2208 -2392
2812 10674
2924 7537
-2345 -2355
4486 14916
2952 9241
-7315 -4090
14641 -2246
12330 -2047
2107 13343
6770 -3817
13293 -2179
4025 3959
561 771
1555 14479
13828 -2213
12982 -2152
2295 -2405
-3147 -2447
621 -2267
1428 14695
4308 3527
-2570 -2378
3273 5840
6923 -3905
4238 3629
-4009 -2018
-1363 -2286
5301 16058
-2802 -2403
-213 16595
3521 5049
2419 4355
4852 15484
-5711 -3123
10767 -1636
13926 -2218
2940 8205
3448 5268
1773 14064
5516 2121
11661 -1899
1621 2271
14888 -2251
-2869 -2411
-2130 -1372
685 15702
1794 -2349
-1499 -2294
7668 -4385
2557 -2448
2344 12660
2283 3878
-5383 -2992
7728 -4428
2764 5955
6070 1644
3046 10483
5003 2640
-6425 -3480
2044 -2373
2115 3363
3279 11944
9669 -1077
941 15394
-1908 -1253
-4628 -2109
2923 7507
-6883 -3764
1266 1692
-4968 -2147
-5515 -3043
352 -2259
2595 5068
3428 12539
3018 7302
5968 1727
11832 -1939
1096 -2296
4141 3776
2561 11903
2748 11043
-2184 -2341
-605 -365
10160 -1366
5755 16553
898 -2283
-3718 -1951
-6210 -3363
2791 6124
3930 13902
2805 6217
-282 16653
3911 13863
495 15918
3214 6080
3099 6664
3833 4286
5596 16385
357 542
2014 3095
-5467 -3024
4730 2966
3804 13637
10515 -1536
5534 2104
3226 6027
16628 -2194
804 15561
-4180 -2046
982 15343
5070 2565
4494 3267
4189 14399
-708 -450
2372 12571
3212 11632
10941 -1694
-85 16485
692 925
3309 12075
5356 2273
-1688 -1126
-344 16704
5600 -3292
9828 -1178
2199 13101
251 -2257
-7677 -4414
2323 4013
281 16145
778 -2276
2442 4441
3404 5405
1734 2484
3427 5333
1795 2608
-2711 -2393
698 15687
4375 3431
2879 6856
3556 12972
3118 11055
-6478 -3511
5408 16180
-4769 -2784
3123 6527
5219 -3156
4344 14676
2927 7632
2079 13410
-4268 -2060
2578 11833
3497 12781
2941 8267
3812 -2730
2860 10284
3466 12676
4613 15125
-4214 -2643
-3806 -1972
-278 -78
2943 8861
2596 11756
2938 8096
-857 -2268
3221 6049
13121 -2165
2302 12793
3769 13559
-1017 -2273
2920 9481
-2201 -1406
1830 2681
-5104 -2891
4600 15104
-1501 -1013
5320 -3191
2913 9595
1934 -2362
3536 5006
-4040 -2605
3007 10114
2480 4585
-2331 -1466
6750 -3806
6136 1592
3225 11698
-6597 -3582
323 505
5996 16799
2518 4737
-5873 -3195
3447 12609
2645 5306
2939 8149
3402 12442
4177 -2828
4453 -2908
533 15875
4564 15045
2679 5477
1995 -2368
15970 -2234
2871 6777
35 16379
14320 -2235
4641 3077
3758 13534
4709 -2987
2812 6264
-2655 -1603
14759 -2249
4759 15354
6862 -3869
2402 12473
2961 9527
5245 2383
5725 1929
-4525 -2096
3380 5482
3378 12351
3104 6633
4912 15566
2830 10557
3007 7414
3647 -2688
-2456 -1521
1803 14005
-2872 -1687
3169 11401
115 -2255
0 -2254
5938 16742
2413 12437
3895 4175
-3067 -1758
2986 9906
-2157 -2339
-381 16734
5873 1805
6033 1674
11237 -1785
3477 -2646
1226 1631
4948 2704
10590 -1567
2697 -2473
5689 -3325
4486 -2918
-6554 -3556
1981 3011
1839 -2353
-1043 -709
638 15756
2632 5242
3513 5072
435 -2261
1608 2248
5022 -3089
-6752 -3679
651 875
9800 -1161
11077 -1737
-289 -2257
1318 1772
2496 4648
10907 -1683
2950 8389
5274 -3175
3469 5204
6985 -3942
9894 -1217
12612 -2100
2139 13264
4067 3892
5142 2489
-954 -2271
-2703 -1622
3048 7019
12274 -2036
3359 5550
2944 8555
3727 4508
2539 4825
2942 8934
-1581 -2299
-4614 -2740
4195 3693
11325 -1810
2947 8987
1668 2356
2504 -2439
2470 12247
-6380 -3454
-5433 -3011
-2991 -1731
2949 9125
6891 -3886
747 15629
513 716
3722 13448
-5639 -3093
-519 -2261
-5330 -2972
2396 -2421
3477 12714
2047 3180
2905 9721
3681 4612
4325 -2870
6353 -3609
5918 1768
7052 -3982
3755 13527
-174 17
-1136 -2277
3828 13690
11776 -1926
3160 11348
2921 7466
14973 -2252
1184 15071
3065 10646
10088 -1327
7184 -4063
-7380 -4144
-387 -176
4111 3823
9608 -1037
-1636 -1095
5802 16602
7765 -4455
5582 16370
3565 4923
3296 5760
-1349 -918
-4400 -2687
1865 2755
2239 3735
2936 7993
3280 5815
-20 16428
5328 2300
1604 14390
3071 6845
3905 4158
4694 15254
6122 1603
1351 14818
1936 13724
103 16318
15947 -2235
2989 7612
11587 -1880
5298 2329
-7504 -4253
7560 -4308
-332 -127
2874 10125
5461 2173
2032 13516
-4984 -2851
2376 12558
2898 9819
405 16016
2909 9660
4899 2762
-628 -2263
454 15963
6188 -3533
-2636 -2385
-71 112
91 265
5551 -3274
403 593
3726 -2708
2944 8771
7127 -4028
3500 12791
11399 -1831
3900 -2753
-3261 -2463
1159 15107
-2593 -1578
5663 1984
2393 4258
3111 6593
15445 -2251
2802 10735
3247 -2591
1536 14512
-1853 -2317
5587 2054
2824 -2499
-501 16825
-4843 -2134
16181 -2224
2739 5808
10379 -1475
2894 7043
4937 2717
-680 -427
2901 9778
-1179 -805
881 -2282
-3429 -1872
2531 12023
3777 4400
2170 3522
3095 6689
13663 -2204
4030 3951
574 -2265
4039 14119
2147 -2384
14075 -2225
3029 7195
3594 13086
1983 3016
10308 -1441
13491 -2194
1118 1473
-821 -541
6432 -3646
1680 14246
4761 2928
-5744 -3137
-3174 -1793
4750 -3000
7259 -4110
-3986 -2013
7804 -4484
-5412 -3003
11170 -1765
2130 3406
3964 4059
4651 15186
2893 9885
759 1008
-5151 -2907
9329 -844
2302 3942
1526 -2327
6516 -3686
5735 16532
2689 11332
2880 6866
11699 -1908
1616 -2334
12418 -2064
1861 13884
5314 16073
12923 -2145
2833 6427
968 1272
3563 12994
855 15500
607 824
3690 13363
768 15604
-7761 -4495
10696 -1609
282 461
2194 13115
-233 -37
904 15440
-111 75
-6626 -3600
5454 16231
-4303 -2664
4841 -3029
-4111 -2620
15759 -2243
-113 -2255
13988 -2221
-3282 -1827
-6517 -3534
56 231
-1413 -959
4459 3314
2346 4091
-1222 -2280
2076 3255
-1449 -2291
2764 10956
2930 7730
3797 4359
-3870 -2570
4314 14623
2481 12209
3510 12824
7442 -4228
2981 9854
-7730 -4465
15068 -2253
1456 1994
2935 9199
4809 15425
-6048 -3280
16274 -2219
2619 5179
3859 13756
350 16074
2933 7852
2946 8663
3072 10705
5046 15743
1392 14754
1945 2928
2580 5001
-7515 -4263
5369 16136
1014 1331
5023 2617
5646 -3309
2256 3790
-3601 -1921
3189 11513
4244 -2847
2367 4165
5411 -3223
-1014 -688
3263 11873
5908 -3415
1029 15284
-4862 -2136
3407 -2629
1585 14425
5184 -3144
-5190 -2166
6159 1574
2314 -2408
-5973 -3243
2934 9220
-4015 -2019
2230 3706
-7136 -3949
-144 16536
1419 -2319
1193 1581
13770 -2210
-5587 -3072
3346 5593
13065 -2160
-4548 -2723
-1705 -1136
2941 8991
12991 -2153
2891 -2513
476 -2262
-1228 -838
-1296 -883
-7461 -4214
2602 -2456
2929 9319
-7008 -3854
1768 2553
12814 -2131
-4184 -2636
3662 4659
2980 7716
1703 -2341
3118 6554
-180 16567
3150 6383
1745 14119
14294 -2234
10846 -1663
14120 -2227
-1847 -1218
4587 3146
-7085 -3911
2862 6692
3180 6236
3244 11786
2421 -2425
4006 14054
-5131 -2161
2946 8901
5696 16491
3029 10327
3084 6759
-3901 -1994
3852 4250
3621 13166
2821 10616
2708 11242
2315 12752
-1565 -1052
2678 11384
5602 2040
877 1156
2948 9065
-5210 -2928
6130 -3508
1137 15138
-7577 -4320
12210 -2023
10233 -1403
3151 6378
6593 -3725
709 -2272
11521 -1863
-510 -284
-7050 -3885
-4430 -2084
800 1059
1363 1843
-1942 -1272
4152 3759
4338 3484
4382 14741
3371 12324
2851 10384
2507 12114
2703 5605
5838 1834
-6162 -3338
1086 15209
-4076 -2029
-814 -2267
4866 -3037
5507 16289
2959 8070
3205 11596
14191 -2230
14574 -2244
-6820 -3722
-7428 -4185
2156 3481
-913 -612
-618 -376
15732 -2244
-1658 -2304
4521 14974
12024 -1983
-6323 -3423
7218 -4084
-3643 -1932
1211 -2304
3190 6189
2968 9677
2273 12884
6836 -3854
1910 2852
2823 6343
1873 2772
3781 -2722
4741 15328
14714 -2248
7326 -4153
2956 9387
14455 -2240
4279 3569
-6701 -3647
-7244 -4032
1229 15004
-2033 -2330
1073 1409
3764 4428
5187 15921
-2408 -1500
3131 11147
3201 6138
1304 14890
-2864 -1684
2978 9822
3109 10990
-4690 -2761
-1322 -2284
4146 14320
3832 4288
-4929 -2143
1963 13666
2959 9476
10775 -1639
2945 8783
-2974 -2424
-3253 -1818
4612 3114
13180 -2170
12852 -2136
3349 12237
5300 -3184
-30 150
5269 16021
3169 6289
-2270 -2348
6660 -3759
2754 5896
82 16337
-4249 -2057
709 15674
2963 7955
5138 15860
144 16280
1000000000 -1000000000
-4925 -2832
6071 -3483
-6129 -3321
-6946 -3809
1693 2404
2609 11700
5008 15694
2614 11678
1646 14311
-4338 -2071
5686 1963
-1774 -1176
-2414 -2362
-209 -2256
705 941
2942 8356
2843 10457
-6276 -3398
-1108 -756
3345 -2614
5640 16432
5099 15811
456 652
4271 14547
-975 -659
-2259 -1433
4810 2868
10474 -1519
-4853 -2809
9742 -1124
230 16197
4535 3213
2211 3645
3056 -2548
9303 -825
1384 1877
-2780 -1652
-3105 -1771
1579 2198
2996 10006
-5888 -3202
5949 -3432
4105 14244
326 16099
2949 8446
1380 14773
-2322 -1462
6691 -3775
-4470 -2704
1658 2337
2610 5136
2957 8135
3661 13281
3554 -2665
11410 -1834
3631 4740
0 1000000000
4692 3013
1403 14736
1294 1735
586 15815
5403 2228
16718 -2187
-7304 -4081
2250 12954
1579 14436
2935 7943
2661 11464
5897 16700
3097 10901
16082 -2229
-5025 -2152
3307 5723
12777 -2126
-2449 -1518
5775 -3360
4084 -2802
5838 -3386
4230 14474
1824 13962
190 -2256
-1298 -2283
3298 12027
11010 -1716
-2556 -1563
14373 -2237
5771 1890
-792 -518
-3943 -2585
5263 16014
-558 -325
13594 -2200
-6837 -3733
15378 -2252
4901 15551
4567 -2943
851 1123
-259 16634
6485 -3671
-4743 -2123
12712 -2117
2438 12355
1421 1937
15506 -2250
1264 14951
16356 -2214
-408 -2259
3086 10817
4418 3370
11945 -1965
2990 9947
3710 4546
2886 9975
6280 -3575
-1719 -2308
-3410 -2486
-3487 -1889
2221 13038
3054 10552
6226 -3550
10432 -1500
-77 16478
2955 9351
2763 5949
2551 11944
9958 -1254
2467 4535
11498 -1857
5230 15974
-1165 -2278
-3816 -2559
9486 -955
-5295 -2959
2463 12271
3163 -2572
2851 6589
-2102 -2335
1007 -2290
10629 -1583
2644 11543
2887 6954
2719 11188
4664 -2973
16125 -2227
13394 -2187
4377 -2885
15623 -2248
2912 7309
5093 2540
5195 2434
-5827 -3174
2495 4644
-1000000000 -1000000000
-5021 -2863
4007 3988
2714 5665
3938 4102
-4701 -2118
1496 14581
2376 4197
1502 2069
9437 -921
-5932 -3223
-3370 -1854
2954 8238
5861 16663
-2950 -1716
2968 7876
-451 -233
-7640 -4379
2171 13179
-438 16778
1463 14637
3057 6940
3491 5137
308 -2258
3014 7341
4930 -3058
15170 -2254
2662 5390
-3567 -1912
3146 11251
1429 1950
2901 7136
3104 10953
5542 16327
