965
-499999940 -499999730
500000289 313
-3035 2731
499999805 -39
-500000000 500000358
500000258 118
499999559 -470
-76 -343
-500000287 500000365
-500000057 -499999958
-1769 1968
-499999875 499999605
3522 276
-1912 -3061
499999804 499
-500000271 -499999547
499999938 231
-2963 -2829
-499999569 500000360
-2890 -2748
-3108 -2972
-3554 -3313
499999516 -360
-499999986 -500000429
-3233 -3085
-500000494 -499999576
499999514 -45
-500000380 -499999511
-1973 2812
-500000457 -500000470
-499999792 -499999978
-499999757 -499999608
-500000029 500000029
1133 87
-1214 1114
-2067 974
-499999634 500000060
-499999863 499999529
-1981 -3500
-3315 2949
500000493 -15
-499999816 -500000071
-971 -1039
-499999553 500000072
-499999702 -500000495
-1320 -1532
2026 65
500000420 54
2117 49
143 273
-1796 -2622
-499999995 500000076
-437 -556
-3356 2976
3105 -188
532 -84
-2765 2475
-1989 2986
-500000385 499999862
-499999856 500000199
499999925 488
-500000353 499999548
500000271 -448
-3135 -2998
-567 -653
-2484 2105
-1954 2696
-1921 -3104
-2001 3819
500000409 454
-1627 -2138
-500000030 500000020
499999805 -484
-500000325 -500000213
316 -157
-499999835 -499999510
-1553 1560
-65 343
499999591 -338
499999985 -148
-500000432 500000335
-2052 896
-1285 -1478
-2031 643
500000418 458
2969 -136
-2125 1211
-2042 793
500000491 279
-2949 2656
-991 -1063
500000291 92
-2739 2446
-500000459 499999855
-1896 -2988
-500000271 -500000161
-2020 456
2792 129
-500000099 500000106
-2228 1534
-977 -1046
-3205 2870
-500000303 -500000185
-500000002 499999736
2304 25
-3610 -3344
500000086 443
-499999750 -500000475
-500000270 499999806
-2417 -2081
499999921 437
-165 386
37 306
-1885 2328
499999529 -186
-521 570
-500000240 -500000270
-499999612 -500000315
339 -148
499999916 408
500000289 495
688 -45
-3158 2833
-500000233 -499999623
499999510 127
-500000014 -500000122
500000358 -94
-1308 -1513
-2850 2564
-500000153 -500000377
3072 170
-2388 -2032
-499999689 500000315
-2035 -759
-499999552 -500000420
2523 97
-743 -800
-500000158 -500000077
-1752 1929
-500000251 500000288
-499999600 -500000378
-2024 -621
-499999609 -499999767
-499999676 500000420
2999 158
1337 71
-500000011 -499999531
-499999952 -499999667
-499999974 500000088
-2007 84
-499999680 499999647
-630 638
837 124
739 -34
-499999581 500000415
-1461 -1776
-500000239 -500000186
-1534 -1928
2240 36
-1594 -2061
-3888 -3484
-2190 1423
-499999551 -499999909
598 -65
-499999841 -499999576
-500000287 -499999631
-500000019 -499999593
-2476 -2179
499999880 370
499999843 97
500000445 -10
-500000036 -500000387
-499999546 500000395
-499999723 -499999614
-2019 -527
-1983 2900
-1116 1014
-499999920 -499999621
-169 -394
2690 -57
-499999767 500000436
-1754 -2491
-2207 1473
-499999766 -500000020
1636 63
500000047 -96
-2087 1063
-499999975 500000116
-2555 -2305
-500000019 499999942
-2570 2235
-500000016 500000405
-499999628 -500000375
-2016 -459
500000232 22
-2818 2531
-500000262 -499999808
884 117
499999651 122
-2003 3770
471 189
500000073 13
499999625 -262
-1303 1220
-426 513
500000445 19
-500000234 499999639
-499999954 499999659
1358 40
-2000 3212
-499999783 -499999568
500000462 41
500000010 -54
-2222 -1689
-499999714 499999854
766 136
-853 794
-1441 1401
-2037 730
-2538 -2279
-1569 -2004
-613 627
-3808 -3448
-206 -415
499999993 -272
3153 185
500000374 270
2052 53
-499999510 500000491
-2787 -2626
-803 757
-1687 1792
2437 90
-1816 -2685
-2004 3715
-3438 -3247
500000416 171
-499999651 -499999987
500000359 -216
-2011 260
-3475 3050
-500000191 -499999670
499999618 425
-499999773 -499999628
499999856 -102
-1338 1264
-2006 0
-2160 1330
-2208 -1650
-2144 1277
500000007 -347
-499999625 -499999588
-2640 -2429
-500000168 500000374
-481 -587
500000116 18
3609 303
-500000270 500000430
-1916 2489
-500000253 499999555
500000014 126
-1691 -2302
-499999691 500000369
380 -132
1475 66
-1638 -2164
-1959 -3316
-2238 -1730
-499999744 500000310
500000283 271
1563 52
-499999562 -499999735
-2300 1727
-500000257 499999984
-2272 1654
499999601 137
-499999529 499999634
-499999899 -499999566
-500000133 499999979
-1796 2034
500000206 125
100 -256
-500000223 -500000426
212 -204
-499999755 499999569
-500000032 499999650
-500000322 500000257
499999965 326
-1781 -2575
-500000107 500000430
-2658 2348
2829 134
2944 150
-499999819 -500000116
1716 59
500000011 62
-500000500 500000383
-499999657 499999549
2371 85
499999681 120
-2814 -2660
2723 -65
-1182 1077
-3501 3065
499999743 -268
-3757 -3422
-1986 -3556
-499999519 -500000426
-500000227 -500000291
-499999811 499999586
-1668 -2238
-499999719 -499999518
-499999777 -500000360
-499999562 -499999996
-499999683 500000290
-1347 -1575
-2732 2438
-2274 -1813
499999786 37
499999512 98
-499999641 -499999687
-499999888 -499999967
-1485 -1825
-972 888
-2013 -380
-500000161 -499999650
-2005 3489
497 184
-499999611 -500000252
500000443 327
1508 49
485 -98
-499999829 -499999793
-1859 2212
499999553 -49
499999817 -366
-500000459 500000288
-499999907 -499999687
-2010 -255
-1739 1900
-500000380 -500000421
-500000190 -499999698
-886 820
-499999882 -500000404
-3245 2901
-500000310 500000087
499999683 324
-1863 -2846
-500000350 499999558
-2040 -816
88 290
-499999545 -500000024
-908 -969
499999672 -429
-499999804 500000004
2378 12
-500000186 -500000270
-1946 -3241
2221 75
-751 719
-500000375 500000499
-1773 -2550
499999921 62
-500000452 -500000228
1760 60
-500000461 -499999580
-2370 -2001
-499999613 500000379
499999945 -442
-499999877 -499999797
499999661 427
-499999829 499999563
-29 -319
-2056 917
-500000460 -499999876
-500000028 -499999577
-499999820 500000441
-897 -957
-499999599 499999880
-499999891 499999761
-705 688
2123 69
3310 -282
-500000144 499999662
-499999752 -500000118
-500000221 500000097
-500000487 499999792
-3060 2752
-1989 -3597
-500000066 499999505
-3279 -3124
-499999741 -499999603
3047 -165
499999972 228
-499999705 -499999566
3606 302
-1520 1512
-1704 1825
-1146 -1269
1392 69
-1370 -1612
-500000093 -500000203
620 -60
-500000299 500000170
499999910 327
-500000010 500000494
499999898 -178
-499999854 -499999946
-500000481 -499999507
500000262 -489
-500000072 499999564
499999913 450
-499999934 500000290
500000348 -442
-499999527 -499999780
-2464 2072
499999958 18
-3648 -3365
500000136 -197
3336 226
3409 245
2853 -99
-500000197 500000135
500000011 221
-2004 3406
499999561 -491
158 -229
500000316 -249
-499999874 499999810
-499999577 -499999600
1184 82
-499999728 -500000338
-2451 -2138
-2178 -1563
-2011 -297
499999646 -164
499999835 339
-3422 3018
-500000210 -500000116
-499999945 500000215
-500000206 -500000335
500000436 -79
500000030 -157
1277 35
-531 -624
499999732 -407
-3192 -3050
-761 726
-1823 2105
20 -295
-1045 950
-500000387 499999606
-499999959 499999791
-2024 527
-1091 991
499999817 396
1619 55
499999898 -400
-499999745 500000366
-1994 -3674
1062 94
500000301 7
-2249 1593
1987 64
-499999648 500000498
-1781 1997
499999944 414
1049 16
499999760 382
-499999731 499999632
-499999664 500000270
-2098 1108
-500000442 -499999974
500000086 -446
3289 214
-499999917 499999629
-499999870 500000061
499999682 76
-653 653
-2177 -1560
-499999856 500000304
-334 465
-3990 -3520
-499999773 -500000070
-2029 610
500000423 -451
-3455 -3257
500000147 321
-499999818 500000143
-499999775 -499999971
-1542 -1945
-500000317 -500000433
-2679 -2483
500000226 130
-499999836 -500000380
-500000289 500000040
-500000079 499999921
-500000369 -500000451
-2781 2492
499999883 -319
-499999543 499999856
500000448 -301
-1994 3080
500000042 -470
-400 498
1516 65
500000357 399
-2263 -1788
-499999726 499999742
-499999621 500000074
-3936 -3501
500000373 116
-2005 3650
3149 -207
499999847 476
500000368 -244
-499999589 -499999643
1018 99
-1374 1311
2485 -10
1232 78
-2007 -84
-2158 -1492
-882 -941
500000400 24
-2140 -1427
309 -160
-1866 2237
499999920 96
-2799 2511
-108 360
-2001 3253
500000422 403
-500000311 499999517
-499999903 499999799
499999850 -4
-2309 -1885
1821 61
-1976 2838
2314 81
-2511 -2236
-1677 1773
-500000082 499999945
-499999580 -500000435
-500000202 499999884
-1237 1141
-1732 -2423
-2293 1709
-113 -363
499999890 419
3435 252
-499999746 -500000364
1120 23
-499999875 -500000051
1784 61
-499999778 -500000138
-499999573 -500000250
500000099 -358
499999722 -446
955 107
-499999547 500000285
-1035 -1118
-499999794 499999990
-499999598 500000277
-500000105 -499999505
1304 73
-4 320
-500000050 500000084
2526 -19
-499999822 499999757
-1846 -2785
-1517 -1892
-499999728 499999939
587 -68
-2698 2397
-2054 -960
500000025 494
-2115 1174
-499999525 -499999848
499999615 59
-499999651 500000324
-948 869
-499999934 500000410
-499999635 -499999983
-500000359 499999757
-2199 -1624
500000276 -248
-2928 -2791
-499999710 -499999966
-2629 2312
499999614 -249
3198 -229
-499999582 500000216
-2406 1958
1088 20
-3685 -3385
-499999941 499999759
-500000173 -499999910
1922 63
-499999645 -499999710
-499999606 -499999648
500000449 159
-499999659 499999934
-2072 -1110
-2288 -1842
499999982 -40
-1835 2140
-1998 3161
-2658 -2454
2438 0
-499999925 500000038
-1870 -2873
2880 141
424 -117
499999909 179
-3720 -3403
666 153
1219 79
-409 -537
-1930 -3153
-1744 -2460
269 235
2792 -82
-1996 -3715
500000257 -459
500000040 -71
-211 407
-500000181 -500000160
-2061 -1025
499999722 126
-1231 -1396
2708 118
500000342 -134
-499999621 499999861
-499999799 500000128
2205 74
-499999604 -499999851
-1852 2190
-1409 1358
-499999534 -500000011
1907 60
-499999818 499999997
744 -33
2154 46
-2104 -1275
-500000192 500000131
-500000171 500000139
500000333 -293
-499999518 -499999977
-2083 -1172
-1058 -1148
-499999936 -500000081
-261 430
-2506 -2228
-500000484 -499999991
499999747 494
-851 -908
-499999960 -500000277
500000281 -7
-500000290 -500000084
-1080 -1177
-499999994 499999845
-812 -867
-2047 -889
500000106 -186
-499999692 -499999768
-1604 -2084
-2853 -2706
499999796 31
1681 58
-500000160 -499999833
-2082 1042
499999782 192
500000048 -144
500000299 154
-1656 -2207
-3345 -3179
-499999837 -499999882
-1827 -2721
-1883 -2929
-500000003 499999683
-499999638 -499999577
499999601 -380
-500000065 -500000361
1209 30
783 -26
-500000059 499999923
499999748 398
-1004 -1079
-2511 2149
566 171
-499999748 -499999767
-500000312 500000461
-499999520 499999772
500000112 429
-499999896 -499999769
-500000364 -500000022
1391 42
500000369 294
499999696 257
-499999945 -500000099
-1198 -1346
-500000405 499999909
2580 102
-500000402 -500000390
-1469 1440
-499999703 -499999801
-1265 1174
-500000048 500000457
-499999603 -500000120
-500000130 -500000218
500000406 64
-2008 146
499999940 439
499999867 -295
-3091 2778
-499999673 499999802
-499999844 499999549
499999853 340
3239 203
500000220 -234
2644 -46
-2536 2186
-499999541 499999905
-2379 1903
2739 122
-905 835
499999514 346
-500000013 -500000186
-3157 -3019
-500000166 -500000097
-500000440 500000252
-500000432 500000350
499999730 -68
-1990 3003
-500000241 499999903
-499999545 499999564
-500000406 499999700
-1658 1737
3483 265
-499999517 -499999610
-2009 -202
2471 -7
-499999682 500000093
-499999952 500000083
-2435 2017
499999746 302
-2034 690
-2009 191
500000284 -434
-2910 2621
-1974 -3436
-500000364 499999759
-1587 1613
-499999543 500000312
-499999768 500000452
-677 -743
-500000426 -499999786
-500000137 500000022
1143 25
-500000386 -500000057
-500000111 -499999756
499999635 -288
499999650 48
-1529 1525
-499999684 499999593
-3078 -2943
499999966 74
-2003 3348
-2749 -2577
-257 -444
500000319 -327
500000288 208
500000104 -142
-1157 1053
-3407 -3226
-2002 3298
262 -181
499999781 -264
-499999738 499999811
-2356 -1976
-499999884 -499999542
-500000145 -499999793
-940 -1004
-499999689 499999905
-499999937 499999587
2929 -123
336 217
-499999927 -500000264
-499999807 -499999967
-2335 -1936
500000106 216
-1929 2557
-499999625 -499999737
-499999933 499999665
-642 -714
499999622 47
-1941 -3213
-499999575 -499999619
500000359 119
499999844 -223
-1270 1180
-500000435 499999816
-3388 -3212
-2119 -1342
-1416 -1689
-2326 1790
-1891 2359
-499999823 -499999678
-499999760 499999524
3124 -196
500000062 110
-500000474 -500000020
2876 -106
-3041 -2907
-500000207 -499999561
-1117 -1227
-3278 2924
-593 -674
-499999505 499999812
-3132 2812
-2008 -147
-500000339 -500000246
-499999784 499999738
-499999535 -500000435
499999770 -398
-499999683 -499999600
-2022 -594
-500000404 -499999565
500000019 -230
500000115 387
-2029 -688
2218 39
3367 234
-499999811 500000253
-468 538
-499999653 500000262
-1941 2622
-3392 2999
-2006 3573
-2610 -2386
-499999555 -500000225
-1633 1690
-500000173 -499999886
-500000109 500000015
-1610 1650
-2675 2369
-1260 -1440
-2017 401
-499999757 -499999598
-3324 -3162
-499999816 -500000433
-500000143 499999565
-500000437 500000258
-500000491 499999706
-500000000 -499999610
-500000060 -500000205
1441 45
-1433 -1721
-500000233 500000182
-500000109 499999857
-327 -485
-500000006 500000295
499999997 -145
-614 -691
-3499 -3282
-2169 1358
-499999699 -499999869
2395 9
499999525 -46
2488 94
-500000105 -500000052
-500000084 -500000474
2585 -32
-568 599
-499999596 -499999786
500000266 -382
-1878 2292
-2014 336
-1497 -1850
-500000500 499999916
-1720 1858
3226 -242
1969 58
-2715 -2532
-1393 -1650
-1967 -3379
-499999828 -499999599
3187 -224
-1508 -1873
-2091 -1213
-499999572 500000484
-2465 -2161
500000405 497
-1135 1032
713 145
-1167 -1300
3578 293
-500000159 -500000416
-500000009 500000480
-2996 2697
-499999979 500000044
-500000408 499999822
-500000441 500000355
-2330 1799
2645 110
-2016 381
-500000428 500000408
-500000336 -500000063
-1818 2091
-1905 -3029
-500000365 -500000018
499999669 212
-708 -769
-499999710 500000322
-499999962 499999991
-2592 2264
-500000420 -500000180
1021 13
500000291 -239
-1999 3866
-1902 2416
500000196 -369
404 202
499999581 -8
-2357 1858
-500000241 -500000437
-500000386 499999528
-499999565 -500000295
-3000 -2867
828 -18
-2068 -1087
-499999607 -499999891
500000109 116
-499999848 499999756
-1711 -2359
-293 445
3187 192
-1987 2955
-300 -469
500000209 -108
-500000082 500000310
-2732 -2555
-499999776 500000447
499999613 470
-2590 -2357
-2127 -1377
-1003 913
-499999747 500000216
-2047 845
-2448 -2133
-499999858 -500000405
-1491 1471
65 -273
-1965 2759
500000253 291
-1299 1215
-499999553 -500000274
-499999703 -500000221
-500000484 -499999919
-1876 -2898
-771 -827
2052 66
3266 -261
3110 177
