928
170269973 -272038995
136492629 156219873
-47171679 -19145691
305743329 -317318107
141297165 165392169
99585057 -96527839
175220101 -36616731
156001957 -202737203
-272548095 -3130571
-11356047 -27298843
148722357 -180534423
104753573 108101717
297954157 -313023143
-14559071 -26352495
171725893 274950149
132998421 149886621
-264613331 -20747203
70539453 -67700623
-218970239 -9027047
-111523343 -6260799
190871241 -182645507
189124137 -177258603
165683825 235785901
-326125951 -37344691
188978545 113270233
-33704419 -21766347
62167913 65152077
499999991 -500000003
179223881 70029409
-308509319 -31593807
185993909 -165028875
247142549 217295717
-221372507 -8881455
139186081 161315593
258935501 227559953
-265414087 -4295307
120040733 -124699891
-62895615 2765905
173036221 291547637
258571521 -285433459
129504213 -140205439
-78255571 -14632339
-70539195 873209
254858925 224138541
121132673 130814069
183810029 -151416023
-268617111 -3785735
234476045 204410825
-65152291 2183537
112324357 -113270919
13394593 -35743179
316298749 262647625
-59401407 -17180199
163499945 226395217
89975985 91067453
-253184359 -18781711
-227560167 -15141911
207104749 161388389
148576765 181480085
226468485 -252529667
-500000002 -4
175511285 35378513
156657121 -205066675
-46880495 7352053
109703701 114580561
-18635647 17470697
170488361 264249137
169250829 -264904987
-258789651 -5314451
124335697 -131469919
28681753 41202193
108611761 -108102403
138312529 159641285
152362157 191089157
172890629 -298827923
266069509 233310837
-38436159 10045505
-53650523 -18053751
-499999992 10
98347525 -95071919
232000981 -259372491
173982569 313604825
171143525 269344857
268326185 -293295427
173472997 -307709035
50229369 55543005
127757109 -137148007
-295842815 -28026803
-24313735 15214021
239862949 210380097
212273265 171798217
104680777 -102861091
273203517 -296935227
-107737951 -12011683
180461413 -122152031
141369961 -163281771
118803201 127319861
191380813 -184101427
197495677 138457649
179879045 -114217267
76217541 -72577955
72286557 -69083747
173181813 -302904499
-306543827 -31011439
183737233 -150906451
-232655887 -15797075
230035489 199023921
176821613 52558369
237242293 -265341763
194219857 -191963395
276988909 240881621
121715041 -127320547
173909773 310474597
221008785 186866989
101768937 -99148495
76363133 77745785
219844049 -243357371
-333332755 12738957
77163889 -73451507
-48554803 6842481
213801981 -233457115
38800397 47681037
-111304955 -11793295
217660169 -239935959
231345817 200625433
-142170459 -9027047
6624565 -33122523
69374717 71339737
103006469 -100677211
150251073 -184683795
167940501 -256606243
245541037 -273786099
199169985 -204557103
290164985 249107569
195239001 132342785
5751013 28462893
-98492859 -12666847
-245249595 -17544179
-325252399 9899913
196185349 134963441
-301957679 2984293
-29700639 13175733
174346549 2693109
91431905 92596169
178495921 65443261
-45497371 -19436875
182426905 86918081
172890629 289290961
36907701 46443505
-13321539 -26716475
178277533 63987341
173836977 -315061431
-305888663 4003437
187304237 -170706963
-164009259 -9973395
184610785 96818337
156948305 203974049
168013297 247651649
224575789 192035505
189924893 -179879259
-304505539 3639457
26425077 39819069
253766985 -281284087
500000008 -500000000
187522625 -171507719
-301448107 -29555519
174492141 9099157
-117638207 -11429315
230326673 199387901
165392641 -242047043
145155353 -171726107
-68282519 -15869871
285797225 -305816339
246123405 216349369
-24168143 -23877431
-218897443 -14122767
-38290567 -20819999
282375813 244375829
-254130707 -5969615
74397641 -70903647
-310984383 5459357
333333013 -329839019
210234977 167867233
123389349 134308277
301229977 255368025
159932941 213364733
-160369459 -10555763
126956353 139913569
208342281 -223775247
132707237 149377049
-156292883 -9682211
174637733 14267673
176239245 46079525
-278954143 -23804635
174710529 -24532595
167649317 245613361
238771009 -267016071
189997689 -180097647
317536281 -323141787
121205469 -126519791
53505189 58090865
234621637 -262429923
-72067911 509229
-35160339 11210241
174783325 -26498087
200989885 -208924863
214966717 176821141
124699677 -132052287
186794665 105626653
286088409 246705301
-288999991 -73139
306980861 -317973271
208051097 163353881
201790641 -210744763
313605297 -321249091
295187909 252019409
287908309 -307126667
-139185823 -10701355
243866729 -272184587
-291329463 436433
117565669 -120914499
169760401 258862233
173836977 307999533
202373009 150760173
-3566875 24022337
180024637 -116473943
67482021 -65371151
143189861 169323153
96527625 -92960835
-186503223 -11429315
171507505 272839065
-311202771 -32394563
-83715271 -14049971
184319601 95580805
82841977 83933445
-50957071 6114521
174346549 -11866091
18199129 35014533
142316309 167503253
-16670155 18271453
-314114611 6405705
165902213 -244886087
140787593 -162044239
-309746851 5095377
106937453 110940761
190944037 119530689
271529209 -295697695
114945013 -117056311
177112797 55106229
236514333 -264541007
131324113 147047577
110941233 116254869
-82186555 -1747447
174928917 22712009
103224857 106209021
499999999 499999997
-208050839 -13030827
186066705 102787609
311057437 260245357
-287252887 -25770127
-127174483 -8007903
22785277 37635189
88083289 -83715743
225958913 193855405
240154133 -268471991
-499999997 8
-262138267 -4804879
134017565 -148504183
159132185 -214166175
175292897 -37854263
92742233 -88665871
-108465911 -5896819
195748573 -195967175
-199096931 -9973395
181043781 -128776467
-57945487 -17398587
64934161 67481549
27298629 -42076431
45279241 51976001
217223393 180824921
269272533 -294023387
322850389 265486669
183227661 -147121059
-18271667 -25333351
164737477 -238480039
145592129 174491669
150032685 185047089
260173033 228579097
119239977 -123462359
-54378483 5095377
274586641 -297954371
-36179483 10846261
-298827451 2183537
-196767459 -10046191
170997933 -278445043
126082801 -134308963
196476533 135764197
-210307515 -13249215
-233602235 -8007903
-331512855 12083793
265996713 -291475527
173764181 305742857
-152871471 -9536619
156074753 201426189
171871485 -286743787
251947085 -279682575
162553597 -227924619
165247049 -241246287
-167139487 -10701355
-320520659 8371197
173691385 303704569
-21401895 -24532595
157166693 -206886575
-174491883 -10264579
153526893 -194438459
160296921 -218606731
170488361 -273858895
-289800747 -26425291
-114653571 -6624779
174783325 18999413
-239353119 -7498331
172162669 279536297
318482629 -323578563
1019273 -31157031
180752597 78473745
-213292151 -13540399
218897701 -241901451
209288629 -225522351
249908797 -277862675
500000007 500000004
-29336659 -22712695
-294241303 1091597
211108529 -228798171
222464705 -247069967
-69884031 -15651483
169469217 -266360907
163281557 -231200439
167139745 242847113
35233393 45351565
169105237 254421677
202154621 -211545519
-177185335 -10992539
-80293859 -14413951
174273753 -873895
-235422135 -16161055
-274222403 -2839387
58892093 62458625
-277134243 -2329815
329547621 268252917
74980009 76435457
-52267399 -18272139
189196933 113998193
-281138023 -24314207
185047561 -159569175
196694921 136346565
-42731123 8662381
92087069 -87937911
-280410063 -1747447
222100725 -246560395
174710529 16669941
-248525415 -6624779
-217732707 -9099843
300138037 254785657
194438245 -192545763
3639929 27443749
192327161 -186794879
-152944267 -10410171
174492141 -17616975
252675045 222245845
311348621 -320157151
270291677 236368269
188978545 -176749031
155856365 -202227631
-285141803 -25260555
-223920367 -14705135
170633953 -275096427
8007689 -33632095
206449585 160005265
77819053 79128909
-138312271 -8808659
172672241 285942345
167794909 246414117
155565181 199970269
177840757 60857113
-243284103 -7134351
88301677 89320349
101113773 -98347739
25915505 -41421267
63987813 66680793
-311712343 5677745
154764425 197713593
193710285 127902229
189488117 114944541
-316007307 -33923279
-166193139 -10046191
185993909 102496425
174564937 11792609
327582129 267452161
84661877 85680549
-304287151 -30356275
272402761 237824189
-95071447 -12958031
302540305 -315571003
-200771239 -12375663
499999995 -499999994
184101213 -153381515
211326917 169978317
236441537 206740297
-4149243 -29482723
-270437011 -3494551
331804297 -329256651
-306980603 4294621
-213874519 -9318231
186503481 -167503939
-269927439 -21839143
58091337 -58819511
-21693079 -24459799
-207905247 -9609415
-9972923 21110497
174928917 -30210683
140132429 -160661115
-282375555 -24605391
-145737463 -10555763
293149621 -310256895
274659437 239352905
230253877 -257261407
93324601 -89321035
279099993 242264745
173400201 -306471503
205066461 157020629
295042317 -311348835
71485801 -68428583
143917821 170851869
171216321 -280483331
45352037 -51248727
-204483835 -9755007
105991105 109703229
-304796723 -30501867
-87282275 -13685991
-62822819 -16670627
16524821 34068185
96018053 -92378467
174055365 331075865
40911481 49064161
172381057 -292349079
187595421 108538493
184683581 -157239703
263230465 -289291647
-158039987 -9755007
-161898175 -9900599
118002445 126155125
-149304467 -10482967
175948061 42294133
-126519319 -11065335
220863193 186648601
119749549 128702985
157530673 -208196903
268544573 235130737
-103079007 -5241655
206012809 -219407487
202955377 -213219827
180534209 -123025583
116546525 124044041
-311930731 -32612951
241755645 212199997
98565913 100603729
221227173 -245322863
135910261 -152071187
320448121 264467525
-184901711 -10337375
182208517 -139259091
35597373 -46080211
164009517 228506301
254349353 223701765
52486045 57290109
-85025599 -2329815
228361181 196912837
181844537 84079037
8153281 29627629
325980617 266796997
239935745 210452893
161752841 -224576003
137147793 -154473455
-128630403 -10992539
137584569 158258161
162262413 -226687087
159277777 211253649
185265949 99511789
264977569 -290674771
47827101 -52631851
262939281 230835773
1674437 26497401
139331673 -158986807
200771497 -208415291
-95508223 -4149715
128849049 142971001
66899653 69155857
260900993 -287398951
182863681 -144354811
183373253 -148212999
54014761 -56271651
-40911223 -20310427
259517869 -286234215
-333259959 -39965347
59328869 -59620267
274441049 239207313
175220101 29409241
82405201 -78328839
248816857 218824433
128557865 -138531131
144136209 -169396635
-93688323 -3858531
281720649 -303050091
319283385 -323942543
207250341 -221736959
216422637 -237897671
188396177 111304741
72140965 73814801
-292858179 -27226047
204556889 155855893
146829661 177330713
289218637 -307927423
198369229 140714325
-185120099 -11356519
149086337 182717617
500000005 500000005
164664681 231272549
-51685031 5896133
55397885 59619581
169396421 256387169
173982569 -319065211
199533965 143698961
177549573 58746029
237242293 207613849
215039513 -235568199
168304481 249325957
155055609 -199461383
145721 25769441
177258389 56343761
-142388847 -10628559
201426661 148503497
189488117 -178496135
68719553 70757369
195384593 -195020827
-214020111 -13613195
130741745 -142462115
126301189 -134672943
309674313 259590193
297371789 253256941
196622125 -198223851
182135721 -138676723
46007201 52485573
174128161 327800045
-327581871 -37854263
198878801 142024653
329911601 268398509
150178277 185411069
-178932439 -11065335
-90266911 -13394807
-168668203 -10118987
-54596871 -17908159
232728941 202299741
-67772947 -15942667
173254609 295114641
-267816355 -21402367
16961597 -37271895
71413005 73159637
127320333 140495937
149595909 -182863895
101550549 104170733
138385325 -157021315
-124626623 -11138131
-230399211 -15505891
216495433 179587389
256460437 -283613559
67773205 -65589539
132561645 -145810731
184101213 94634457
-216859155 -13904379
326781373 -327218363
182572497 -142098135
-499999994 5
-133653327 -8517475
159641757 212418385
96163645 97837481
-321685395 -35815975
153818077 -195384807
63696629 -62604903
300429221 -314406267
-72577483 -15287503
27735405 40619825
116036953 -118657823
218169741 182426433
291766497 -309456139
10701141 -34651239
-84661619 -2257019
-104534927 -12230071
12812225 32029897
135983057 155273525
280555913 243211093
105627125 -104098623
500000008 499999999
-8662595 -28099599
174200957 -4659287
147630417 179223409
-26424819 -23367859
173691385 -311931203
174200957 324233041
4367889 -32321767
219698457 -243138983
169833197 -268835971
5605421 -32758543
170124381 261482889
147120845 -176457847
-242264959 -17107403
173909773 -316954127
92960621 94270477
-256387383 -5678431
-500000006 -3
32976717 43895645
-286306539 -655507
-318409575 7716033
275678581 -298755127
308000005 258789437
224794177 -250272991
216204249 179077817
290892945 -308946567
213583593 174273281
28972937 -42877187
303049877 256314373
-12666375 19945761
-23221795 -24095819
219552865 184610313
113489093 -114945227
223411053 -248380295
-159932683 -9827803
81094873 82259137
-121059619 -7352739
43240953 50592877
83642733 -79493575
128266681 142024653
133507993 -147557835
-114944755 -11574907
79129381 -75271407
-32321295 12229385
190434465 117929177
115672973 122806509
-40911223 9244749
220062437 185411069
-106063643 -5605635
51612493 -54815731
160806493 216276573
169833197 259371805
235640781 205793949
268035001 234766757
86481777 -82187027
148067193 -178860115
174637733 -22348715
243429953 213801509
108102189 112469477
19509457 -38436631
293295213 250927469
227269241 195529713
55689069 -57290795
-61221307 3202681
112324357 118147565
192763937 125135981
162699189 223264989
182936477 89393145
-272329707 -22348715
-256314587 -19291283
129868193 144645309
-200916831 -9900599
-140860131 -8954251
-133434939 -10846947
166630173 240153661
-35087543 -21475163
-330566507 -38946203
163063169 -230181295
149304725 -182063139
69301921 -66754275
174055365 316880645
-263812575 -20601611
-318919147 -34869627
175074509 26133421
-7206675 22348029
185921113 -164664895
-285141803 -873895
500000003 -500000004
50010981 -53869383
-225885859 -8590271
-1674179 -30283479
-120404455 -7279943
214529941 176020385
181262169 81094401
330129989 -328601487
256824417 225812849
261337769 -287762931
160369717 -218897915
157749061 -208997659
174564937 -20019243
-215184847 -9245435
-129576751 -8226291
160660901 215767001
200334721 145737249
114435441 121059405
-172890371 -10846947
161607249 219115617
213074021 173326933
-163863667 -10628559
146975253 -176093867
180752597 -125500647
151706993 -188760371
121933429 132051601
328892457 -328091915
-117201431 -6915963
-42803919 -19946447
142170717 -165028875
166484581 -248161907
175802469 40183049
161898433 220207557
-80075471 -1310671
21256561 -39237387
-225157899 -14850727
166994153 -251073747
-91795627 -13249215
131178521 -143262871
-239134731 -16670627
-237023647 -16379443
325907821 -326854383
-322558947 9026361
-298536267 -28754763
174419345 6114521
124044513 135327421
175147305 -35306403
254858925 -282230435
304796981 -316808535
-240153875 -7425535
-188177531 -10264579
-57217527 4294621
-198004991 -12157275
283540549 -304287623
168377277 -259299695
106791861 -105627339
288053901 247870037
500000010 499999992
203392153 153162441
117711261 -121132887
246851365 -275023631
197131697 -199534179
-27516759 13976489
332677849 269490449
80148525 -76217755
135109505 -150542471
-251146071 -6333595
191817589 122224141
-313532243 -33122523
-177622111 -10337375
133944769 151560929
-329256179 11283037
127247537 -136274455
111086825 -111523815
-328382627 -38145447
176748817 51903205
227778813 -254203975
89757597 -85462847
173618589 301884669
179733453 72941249
-234330195 -16015463
205284849 -218024363
145883313 175146833
210453365 -227633435
33195105 -44915475
-278007795 -23586247
228579569 -255223119
97619565 99511789
175584081 36761637
291038537 249617141
198223637 -202227631
-147994139 -9318231
-327800259 10773465
173472997 298754441
85025857 -80803903
-6260327 -28827559
146465681 -174856335
158331429 208269013
181698945 -134891331
15287289 -36543935
62604689 65516057
15360085 33413021
79420565 80657625
112906725 118948321
125209249 137147321
-191380555 -10191783
48263877 54087085
37999641 -47317743
-224793919 -8663067
168886849 252965757
151779789 -188978759
170706749 265923445
-77090835 -655507
171580301 -283904743
-9317759 21401681
185557133 -162553811
244813077 215111837
-299118635 2256333
-283176311 -1237875
209070241 165464965
-149595651 -9391027
99002689 101113301
-89102175 -3057775
176020857 43313277
-68136927 1455577
81240465 -77236899
60930381 64132933
125718821 137948077
-5313979 -29118743
-180533951 -11138131
-229016087 -8371883
154327649 -197059115
-170269715 -10774151
-26570411 14340469
22348501 -39746959
-230035231 -8299087
-37926587 -20892795
284559693 245758953
-192618087 -11793295
-211181067 -9463823
-58527855 3930641
174128161 320520445
218024149 -240518327
41057073 -48919255
175365693 32539469
188323381 -174419559
176457633 48772977
56926601 60857113
144354597 171798217
-136273983 -10774151
277571277 -300138251
161097677 -221882551
194583837 130450089
149086337 -181480771
163718333 -233311523
-44332635 8152809
123098165 -129504427
165028661 232874061
-202445547 -12521255
181990129 -137439191
199825149 -206158615
-74834159 -145935
168886849 -262502719
175074509 -33777687
204047317 -215476503
233165717 -260755615
315716381 -322268235
86554573 87500449
151634197 189123665
211399713 -229307743
323214369 -325689647
172162669 -289874015
160442513 215039041
-153017063 -10410171
180243025 75780293
175001713 24459113
172672241 -295916083
158477021 -211691111
250855145 220644333
-275023159 -22931083
24750769 38799925
-247651863 -17908159
154109261 195893693
152580545 -191453823
-16378971 -25842923
172453853 282957709
317099505 263011605
223338257 190288401
500000004 -499999999
318264241 263521177
297444585 -312731959
-92014015 -3567347
248088897 -276188367
164373497 -236514547
140132429 163135493
174419345 -14850727
-64788311 -16379443
173109017 -301812559
-296425183 1601169
205867217 158767733
184319601 -154837435
-49282763 -18781711
10555549 30865161
-249981335 -18272139
168377277 249762733
65807713 -64133619
144936965 -171216535
99803445 102059649
166047805 237460209
42804177 -49865603
-4513223 23585561
308946353 -318992415
51830881 56780537
134599933 152725665
151270217 188177317
171944281 277206825
299191689 254276085
-15068643 18926617
222391909 188905277
-130523099 -8299087
-156802455 -10482967
169905993 -269345543
39819541 -48264091
-120914027 -11283723
178859901 67772733
30938429 -43823535
312003785 260682133
180243025 -119458579
-258862447 -19728059
305452145 257551905
91213517 -86991563
212491653 -231200439
107811005 -107010463
181407761 -132197879
151270217 -187522839
-23003407 15723593
-127902443 -8080699
157821857 206667501
183446049 91722617
-171434451 -10191783
