988
-669 -845
1146 -680
635 -2777
5869 3520
371 -4316
-926 3776
2409 3916
-6474 5918
408 -4747
5485 4905
7139 6183
1374 -9960
-4381 4571
-1395 335
429 -6570
489 -6566
5053 3261
1074 -9289
516 -3771
1072 -920
428 -6597
504 -3926
1287 -9787
-7564 7240
972 -1258
-7569 7248
-6105 5603
3981 2759
402 -6971
5573 4955
-2712 1781
468 -4492
-5673 5289
1506 -10195
-2970 1993
-6279 3418
1015 3771
-6197 5677
3628 4181
6060 5261
-5212 5006
-2446 1551
7167 6213
2019 3861
-1936 1030
6294 5425
-1791 3859
-5472 5162
422 -6708
3 -499999993
759 3761
1976 3856
-561 -1056
2200 3885
-157 -9357
5373 4844
6433 5536
6560 5644
1176 -9541
-5118 4952
2144 1261
-400 -1391
-1245 117
745 -8220
-1678 3845
-5108 3122
-500000003 500000008
426 -5201
7948 7207
97 -8632
-6553 5993
7477 6564
1460 3801
1178 -580
1671 3822
789 -8410
6380 5492
-3104 4121
-7082 3547
714 -2294
-4948 3068
822 3763
1192 -537
9227 3698
-6132 3388
7785 3750
-4478 2878
7603 3747
-5805 5380
-266 -1696
7252 3730
833 -8578
-382 -9865
1461 -10118
-4004 4413
239 -3430
-3615 4273
6388 3620
-3557 4254
-6674 6110
1816 813
-3176 2152
-5989 5513
462 -6254
7216 6266
-4427 4592
-7627 3611
1548 362
-385 -1423
-4308 2800
5359 3369
697 -2385
-7138 6638
-2716 4022
-2814 1867
-3757 2512
4208 2884
-106 3751
53 -2635
992 -1189
2715 1867
8155 3740
1034 -1046
-5559 3255
1646 551
-146 -1993
-1822 3863
-4764 2998
366 -4269
537 -6971
3874 4251
6245 3596
1240 -9688
1881 3845
2654 1811
467 -4512
-7500 7141
-3771 4327
205 -8217
5429 3392
3379 2378
3934 2732
3359 4111
4046 2796
2975 2075
-4404 2845
3644 2555
2086 3869
6796 5852
7872 7092
213 -3304
4074 4314
4717 3126
-3361 2278
5704 5031
476 -4347
392 -4529
5914 5164
486 -4188
4171 2865
1343 -9901
-556 -10193
439 -6002
1965 1024
-2534 3981
-5925 3343
-66 -9120
2863 3997
-6591 3474
457 -6175
-4138 2715
7042 6083
6998 3703
-5800 3315
302 3753
-2010 1113
3825 2667
-1471 443
0 3750
7151 3720
5641 4994
-700 -786
3802 2653
5318 3355
7741 6906
4432 2996
442 -5717
805 -1877
3331 2343
6678 3663
-2132 3907
5709 5034
567 -3286
5259 4785
-771 -652
-4000 2643
-2463 1566
438 -6087
5625 3453
3441 4132
-4667 2958
-7630 7346
-1848 930
4531 3043
3805 4231
456 -6156
414 -6825
-1067 -149
5520 3421
441 -5530
1273 -301
-6911 3523
-729 -731
544 -3492
1330 -149
2122 3874
187 -8294
3034 4033
607 -7468
-354 -1491
4007 4292
618 -7540
-6542 3466
556 -3377
2742 1890
-4628 4686
-116 -9252
888 -1555
468 -6340
158 -3055
-7467 7092
4851 3182
-6402 5852
-7406 7002
-537 -10160
-488 -10071
8089 7441
-3246 4161
462 -4625
4269 4380
-4282 4527
-4902 4831
1097 -838
581 -7293
-436 -9973
2808 1944
2943 2050
1633 528
5252 3332
1361 -9936
1748 3830
2440 1598
2405 1560
499999991 499999999
-295 -1626
314 -3872
194 -3215
-2060 3896
437 -6164
6777 3676
-1488 467
-4119 4458
3598 2526
-3502 4237
-7214 6735
6267 5405
8238 3737
-7602 7301
-5746 5339
-7681 7430
474 -6411
257 -3526
-247 -9573
4688 4530
-7350 6921
636 -7654
1156 -9494
7539 6638
1309 -9832
-6980 3533
545 -7032
7154 6199
-637 -906
7503 6595
-8217 3667
-2599 1685
6 -499999990
1511 3806
-4496 4624
2762 1907
7986 7268
391 -7091
275 -7886
6699 5765
-2925 4074
687 -7943
6458 5557
-2193 3917
578 -3199
55 -8771
-832 -539
422 -5074
762 -8298
4409 2985
1577 421
2625 1783
-4044 2666
2096 1201
-19 -2373
-4614 2936
923 3767
-606 -966
442 -5437
-499999990 499999995
912 -8843
450 -5991
-3277 2223
1103 -9363
-2390 1500
-7963 3646
595 3757
5775 5075
397 3754
-495 -10084
-42 -9055
7916 7158
444 -5790
-3650 2451
-1461 3820
75 -2720
814 -8506
-5374 5102
3036 2122
-2975 4087
-5516 5189
-7540 7202
-455 -10009
-781 3769
-5371 3203
-499999995 499999996
906 -1490
7303 6362
-208 -9482
-1745 804
809 -8487
-1016 -229
-3874 4364
-1128 3788
389 -7112
-5077 3112
448 -5101
404 -4677
-7728 3622
7437 3740
682 3759
5973 5203
-7547 7213
434 -6361
-7013 6488
1623 509
-8055 3655
-133 -9296
515 -6797
5304 4808
6775 5833
358 -7364
3461 2436
6666 5736
534 -3589
7359 6426
346 -7447
-4048 4430
-6261 5731
-2941 1970
2706 3966
-4369 2829
-3843 2559
-38 -2308
-178 -9409
427 -6617
-2562 1653
5010 3245
5890 3525
-4242 4510
-2027 1132
-3157 2138
593 -3084
804 -1881
-8067 3656
-4584 4665
2321 1468
7885 7111
3918 4264
-507 -1167
-1029 -208
-7313 6869
-3408 2307
6896 3691
-189 -9436
-5288 3179
1403 32
-2227 1344
6472 3633
-4339 4552
334 -4008
449 -5059
-4067 2678
445 -5235
2832 1963
4775 3151
7640 6768
-5224 3159
5114 3283
-3485 2354
-500000006 499999996
7847 3749
-4875 3042
2282 1424
1202 3782
433 -6411
-5562 5218
2494 3929
562 -7158
5026 4672
85 -2759
-5684 3287
6100 3569
715 -8079
456 -4802
9527 3681
-7173 6681
6038 5246
-2326 1440
138 -8488
8039 7356
311 -7676
4980 4651
490 3755
-6128 5621
-5617 3270
-542 -1095
7831 7033
-7217 6739
676 -7884
7123 6166
-1428 382
-4742 4744
-3129 4128
-1784 853
74 -8709
-5304 5060
5 -8925
-3816 4343
2 -2446
-4693 4718
7676 6816
-500000000 500000010
447 -5144
-7091 6581
-660 3764
-5265 5037
-2642 4005
-2882 1923
4513 4465
496 -4041
-1584 3834
7575 3746
-3082 2081
-5852 5413
-1720 3850
-410 -9922
-2468 3968
-759 3768
4219 4363
4568 3060
399 -4604
1479 211
3156 2213
7815 7010
970 3769
7772 6949
9478 3684
4107 2830
9289 3695
-6446 3450
431 -5384
-7406 3586
131 -2942
-6492 5935
824 -1802
415 -4888
3471 2443
478 -6458
-6948 6412
-4811 3017
1397 3796
5844 3514
-409 -1372
-6744 3498
4592 4494
-5051 4914
491 -4114
-5733 3299
224 -3356
-2087 3900
1245 3785
-1710 760
9647 3673
499999998 499999994
2028 1111
327 -3958
1710 656
6181 3585
3675 4194
9558 3679
-6392 5843
2060 1154
26 -8861
-4922 4842
423 -5104
719 -8098
7656 6789
-6902 6359
-7485 3595
175 -3128
-356 -9812
727 -2225
-1290 3802
1010 -9122
-1685 728
6642 3658
-7892 3639
-3120 2110
787 -1953
500000005 500000006
-7258 6794
-325 -9748
10 -500000009
-5275 3175
-7284 6829
4637 3091
227 -8121
-318 -1572
440 -5635
481 -6493
4943 3219
-3934 2608
6597 5676
1048 -9222
-7163 3557
527 -6892
-5898 5446
569 -7208
-6751 6191
-2581 3991
1079 -897
3404 2396
1192 -9578
5569 3436
-2233 3924
-6575 6014
6958 6002
7580 6690
6828 5881
721 3760
4894 4613
-3239 4159
-407 3756
-1402 345
-748 -695
419 -4986
6016 3552
1602 469
3304 4097
6114 5298
438 -5747
757 -2083
-221 -1805
-845 -515
1850 862
867 -8693
1376 -33
-3407 4208
769 -8329
2540 1700
-6046 5557
122 -2905
437 -5685
-1342 3807
7969 3746
-1155 -16
1169 -608
-5916 3341
435 -5571
-72 -2201
4361 2962
-6866 6318
1147 -9472
-2281 1397
-960 -321
594 -7382
1122 -757
2236 1371
262 -7958
439 -5816
6920 5966
-1112 -80
7091 6133
501 -3969
302 -7732
322 -7605
3312 2329
337 -7508
-6512 5954
5018 3248
-1114 3787
-6248 5720
-69 -9128
507 -6728
378 -4384
654 -2644
949 -8953
922 -8874
1070 3774
-476 3758
298 -3769
-1898 987
46 -8800
369 -7284
-906 -411
1828 3839
245 -3461
3580 4168
-6349 5806
-93 -2136
556 -7115
-437 -1313
-6044 3369
627 -2834
106 3751
-3022 2034
395 -7048
-937 -359
-7059 3544
-6985 6455
-5010 3090
432 -6460
1468 -10130
-1354 276
5175 4743
-5614 5251
481 -4265
115 -8571
929 -1408
2283 3897
850 -8636
6557 3646
-511 -10113
2892 4003
1173 -9534
5173 3304
-7547 3602
-5966 3352
-865 3773
-2874 4061
433 -5471
-4569 4658
6341 5461
-6798 6242
6505 5597
1582 3813
-2097 1208
-1547 549
1778 758
447 -5891
-869 -474
-5859 5418
-19 -8992
-225 -9522
-5695 5304
9377 3690
6921 3694
2193 1320
511 -3834
-360 3755
525 -3677
8066 3743
-1196 45
6 -499999998
-196 3752
406 -4710
3697 2588
6938 3696
-6837 3512
443 -5345
149 -8448
1290 -255
6937 5982
-7652 7382
15 -2493
500000000 500000010
-3215 2180
4476 3017
-6734 6173
400 -6994
972 -9018
459 -4710
351 -4139
1344 -9903
2588 1747
1271 -9754
4455 4444
499 -6657
584 -3152
4826 4584
205 3752
-1087 -118
842 -1731
1492 241
-278 -9644
-4194 2744
-2177 1293
729 -8145
255 -7992
-6195 3401
748 -2123
378 -7207
4641 4512
7892 3748
4678 3109
-3786 2528
1457 160
-7795 3629
-6457 3452
-3319 4182
-337 -1529
-977 -293
-3610 2428
-824 3771
1446 134
7936 3747
547 -3463
-5007 3089
-4259 2776
2649 3955
-2417 3958
-4737 2987
436 -5625
1126 -9420
-6659 3485
7701 3749
-6186 5668
3507 4149
682 -2467
411 -4803
-7442 7055
6130 5309
8096 3742
1215 -9631
-6628 6065
616 -2913
3732 4210
1742 705
662 -7805
-117 -2068
435 -6307
-1985 1085
4392 4422
2954 4016
-6216 5693
289 -7808
-2666 1742
3888 2705
-1312 215
-165 -1945
-247 -1742
-5161 3139
2376 3911
5478 3408
3960 4277
-2646 1725
434 -5518
4949 4637
6191 5351
-4183 4485
-3957 4395
3883 2702
-5441 5143
-7393 6983
3142 4058
7334 3735
458 -6191
416 -4910
-1213 70
2360 1511
-8162 3663
-1212 3795
286 -7825
5434 4877
6286 3603
-5439 3222
-2128 1241
2490 1651
-1646 678
-194 -1872
166 -8382
-2367 1479
5722 3481
4878 3193
6227 5376
1020 -9149
2131 1245
4313 4395
500000004 500000005
3254 2286
3095 4047
-3665 4290
5069 4692
-1025 3781
6635 5709
-5179 4987
441 -5679
1207 -491
208 -8204
-587 -1003
453 -4903
-1381 3811
-5840 3324
-308 -9711
-255 3753
-4989 4879
-5356 5091
-4536 2903
326 -3951
7260 6314
-6360 3434
420 -6742
-6381 3438
-6447 5893
4910 3206
737 -2172
-4543 2906
1356 -82
7390 6462
-3697 4301
4151 4340
-3055 4108
-3547 2391
6716 3668
0 -8939
1900 933
-1526 520
2538 3936
6847 3685
483 -4234
-3704 2482
-100 -2116
4249 2905
-7246 3567
-1968 3883
1425 -10053
1869 889
649 -7730
5937 3536
632 -7629
2782 3981
1344 3792
1669 591
7161 3721
1922 964
-3949 4392
-2349 3945
3308 4098
-5522 3245
335 -7521
466 -4534
244 -8045
4694 3116
-10 -499999996
-7090 3548
183 -8311
-4809 4780
887 -8760
1515 294
3568 2507
-1584 598
-6824 6271
7627 6751
-686 3765
-2505 1603
-2770 1830
-6294 5759
-3893 2586
3095 2167
2700 1854
1416 63
421 -6726
5793 3501
3263 4087
-1505 3825
-571 -10219
-7691 3618
2677 1833
1516 -10212
3742 2616
-3364 4195
6877 5926
451 -4976
3180 4067
5857 5127
794 3762
-3186 4144
1228 -427
444 -5287
-95 -9197
-2866 1910
8017 7319
4599 3074
471 -4434
5341 4827
-1817 894
4758 4557
5142 4727
-6715 6153
461 -4651
-278 -1667
2883 2003
698 -7997
7069 3711
8052 7378
604 -3002
7635 3748
1171 3780
103 -2830
7697 6845
871 -1619
-4851 4803
138 -2971
-5325 3190
443 -5754
5805 5094
5295 3347
7504 3743
358 -4194
3505 2466
-57 -2248
-468 -1248
7437 6517
453 -6082
-805 -589
2609 3948
667 -2559
-3242 2199
5515 4922
6734 5796
1249 -366
7239 6291
440 -5912
-1189 3793
385 -4455
1015 -1110
-480 -1223
-7052 6534
1409 -10024
-4998 4884
25 -2530
-1917 3876
-7313 3575
-5946 5481
-1288 180
-571 3761
-2795 4041
-1601 620
1313 -194
288 -3708
-2312 3938
-2056 1164
6339 3612
-7719 7493
457 -4771
5210 4760
-3324 2255
-3440 4218
5662 3464
770 -2026
4304 2933
938 -8921
783 -1970
