939
1482 1260
-500000434 499999806
-1149 1747
-1260 1764
-3404 3034
2618 2273
-553 -392
-90 -3078
2757 2379
-2220 1380
-499999836 499999642
-112 -998
644 1683
-499999699 499999913
499999670 500000167
-1971 1946
499999801 499999965
-3162 2736
2555 2230
-1087 539
-428 -725
-194 -2134
500000495 500000321
-573 -345
-2757 2365
2723 2351
49 -499999851
-451 1674
500000097 499999759
-500000334 499999871
-3399 3027
318 293
-3032 2598
500000120 500000000
-2321 2100
-127 1657
-882 253
-500000012 500000380
-3388 1641
825 866
3244 2932
-147 -1285
-2043 1305
757 813
-51 -3275
-2703 2328
173 23
135 -62
-455 -643
8 -419
-500000029 499999590
-905 287
-195 -2103
-188 -1899
94 -165
3323 1627
-59 -3238
-1465 1801
-355 -500000168
3477 1637
18 -500000060
3371 3162
-1196 1754
-184 -1750
1279 1161
496 551
-109 -499999648
81 -3765
2965 1597
-500000283 500000270
-500000041 499999963
2583 2249
-422 1672
1098 1055
-2203 2043
-211 -1818
2454 2167
-3366 2982
-500000458 499999736
-156 -2600
-176 -2376
3185 2844
340 -500000289
-1746 1134
-124 -499999507
-1017 1730
-398 -827
2837 1583
-96 -499999583
499999796 500000200
-188 -2005
-500000054 500000336
-407 1671
-548 -404
500000482 499999682
479 529
-203 -2788
-191 -2465
-1227 700
-499999570 500000251
41 -499999594
213 -4104
500000392 499999794
-195 -2604
-1144 608
-2424 2155
3161 1615
3270 2973
730 791
118 -104
-311 -499999712
-334 -499999841
374 -500000250
-2846 2432
-186 -1811
1491 1805
-209 -500000452
-304 -1193
1829 1900
500000099 500000451
-499999948 499999530
-55 -665
500000341 499999917
-400 -500000355
499999796 500000154
-417 -762
3268 1623
-449 -660
-1653 1072
-500000091 500000290
3174 1616
-177 -1624
-102 -932
-2226 2054
2500 1538
-3281 2875
1895 1923
149 -3963
-2006 1286
688 754
-2530 2215
-189 -1950
-834 177
105 -137
-2793 2391
-219 -3012
1874 1408
65 -3713
149 -29
-202 -2767
-1106 1741
1585 1305
-1905 1923
915 1711
297 259
3106 2742
-2352 2116
-499999722 499999999
3201 2867
-503 -4128
555 621
-478 -580
-392 -500000176
-212 -2933
-2107 1335
1562 1295
-1528 1814
2642 2290
-1466 927
460 -499999832
-500000451 499999532
-499999921 499999687
-1304 780
500000313 499999846
-2621 2273
-500000043 499999586
190 59
154 -18
-3886 1652
-1068 1736
-229 -3110
-500000006 500000303
499999704 500000092
408 1667
780 831
-152 -2635
499999614 499999775
499999597 500000228
-455 -4010
500000301 500000472
-3350 2961
-209 -1845
1127 1739
941 951
-723 -22
3178 2834
499999734 500000204
-2444 2166
499999636 499999984
-1171 639
-280 -3414
-499999643 499999704
121 -3887
-500000213 500000289
-230 -3119
2672 1562
-24 -532
-3534 3236
1933 1424
-1798 1888
-499999954 500000410
-500000476 500000392
459 -500000091
-3569 1650
-1746 1872
-138 -1202
-755 40
-180 -2304
-1343 1778
-2604 1501
-134 -2783
-499999697 499999606
-2138 1348
500000411 499999706
1566 1823
3082 2713
-820 154
-416 -500000246
-1043 481
500000202 500000322
51 -500000435
-415 -500000043
1034 1726
-1934 1933
-1525 975
-250 -1487
-500000128 500000461
-140 -2736
-269 -1372
-199 -2700
567 1677
-500000103 500000281
-129 -1127
-183 -1729
1414 1788
94 -3806
-241 -3202
-499999859 499999809
-126 -499999508
500000358 500000130
-3569 3301
-3171 2746
2080 1992
-774 74
-3105 2674
-130 -499999509
-2330 1419
614 683
1603 1832
499999820 500000085
-82 -3123
424 456
-468 -607
-500000423 500000033
-3055 1600
-2977 1586
-401 -3861
-147 -499999969
-2128 2008
3112 1611
-2890 2468
-1344 818
2079 1459
-3333 2939
2584 1550
-237 -1572
-242 -1538
-98 -3029
500000055 500000174
-217 -500000357
-141 -2728
1640 1327
-35 -578
-2722 2341
-1644 1842
1852 1908
-302 -500000302
-499999591 500000008
-3143 2715
-202 -1949
-612 1688
-1016 444
-266 -3348
500000317 499999956
-960 366
433 -500000091
-2810 2404
500000061 500000460
-1789 1162
500000404 500000431
-363 -3741
2728 2355
-320 -500000117
565 632
75 -216
2293 1503
960 964
-58 1655
-49 -638
-2053 1977
-117 -2907
2671 2311
-1870 1911
-161 -2554
-995 415
-416 -3905
110 -500000368
-2020 1964
-3118 2688
1789 1887
500000136 499999936
139 -499999911
-1717 1115
500000329 499999830
500000246 500000449
-499999761 500000289
2453 1531
1207 1751
2331 1510
546 611
3038 2661
-3196 2774
1251 1758
-261 -1419
-1249 723
-2936 1578
-499999771 500000277
-2635 1509
3414 3259
-104 -2992
499999578 500000057
-409 -789
1818 1391
-1060 1735
-519 1679
-3374 1640
-486 -559
-286 -1280
-499999723 500000378
99 1656
500000159 499999704
452 -500000438
499999615 499999716
-3015 1593
3000 2617
512 571
499999551 500000470
237 -500000085
-302 -1202
-448 -3992
-573 1684
-1303 1771
-499999892 500000367
-472 -4052
204 88
-1888 1222
3100 1610
-187 -2057
-500000136 499999958
-618 -244
-312 -3553
-52 -651
2287 2080
826 1701
-435 -3958
3032 2654
-851 204
-217 -2991
-499999548 499999547
-1392 1787
2416 1525
3287 3001
-500000139 499999752
156 -3980
427 -500000125
-146 -500000350
-2184 2034
271 213
585 653
3529 1640
1899 1415
-242 -500000228
-1063 508
500000485 500000036
1161 1744
1867 1406
1997 1440
499999791 499999738
-86 -835
-500000089 499999583
500000168 499999708
-4057 1648
-50 -500000333
-151 -1324
500000375 500000365
-500000140 499999865
-2959 2528
-66 -3205
2872 1587
2918 1592
-499999966 500000277
-1568 1823
-492 1677
107 -3846
0 -499999782
-196 -2075
655 1684
-3550 3265
-3274 1630
-60 -500000448
1640 1842
-2590 2253
-1439 1796
500000049 499999727
-220 -1707
2534 1543
-109 -499999650
380 -499999879
394 412
1956 1945
316 1663
-3031 2597
238 1660
1781 1379
-412 -499999980
-1121 581
1681 1854
-499999817 500000374
-196 -2629
-124 -500000418
-186 -2107
1741 1365
499999899 499999795
-2389 2136
-2072 1319
-500000107 499999822
-301 -3507
-2577 1494
2018 1445
-311 -1163
-304 -500000333
2031 1448
-1303 779
-2893 1569
-1638 1061
-499999855 500000456
417 -499999863
-3618 1651
198 -4073
-500000349 499999509
-499999945 499999732
499999958 499999989
-3232 2816
1920 1932
-198 -2030
1773 1882
-3303 2902
-367 -938
500000455 499999811
643 711
-2473 2182
-499999651 500000181
-76 -777
500000363 499999564
-331 -1078
1079 1732
-253 -1468
2984 1599
-1556 999
-1470 1802
-500000183 500000107
-3149 1616
-350 -500000454
778 1696
-229 -1632
499999939 500000370
-3227 1625
-500000101 499999685
-36 -3341
-114 -2927
1072 1731
-2540 1484
-39 -595
-182 -2251
-3087 2655
-327 -3615
-2915 2489
500000389 500000488
-402 -3864
-3004 2571
-1274 749
357 355
-191 -2261
-500000468 499999770
-248 -3246
-360 -964
-804 127
-3192 1621
495 1672
-3833 1653
113 -499999667
165 -499999834
-190 -2315
1671 1851
49 -289
-239 -3189
-422 -499999864
27 -357
-1985 1951
-823 159
499999931 500000452
-13 -500000268
-2743 1535
-223 -1681
2953 2564
-3143 1615
499999940 499999750
-382 -884
-500000353 499999770
910 929
98 -500000298
-3060 2627
500000467 499999627
-499999675 500000170
447 487
86 -186
3382 1631
33 -3605
-2672 2307
2197 1484
-580 -329
898 1709
46 -3649
365 -500000033
-629 -220
-260 -500000276
499999970 499999875
-93 1656
2266 2070
499999695 500000157
-388 -3821
-2697 1524
-500000039 499999974
749 1693
499999917 499999651
-500000303 500000060
2310 2091
-500000162 499999716
1363 1778
3161 2811
-3490 1647
-500000399 499999826
499999761 500000011
-2928 2500
2538 2219
-2943 2513
500000499 500000112
-2250 1391
290 247
-343 -3674
-12 -489
90 -499999993
1999 1961
-570 -352
-450 -657
-157 1658
-1371 843
310 -500000347
500000194 499999839
-185 1659
-143 -1248
607 1680
3125 2765
-1229 1759
-2535 2218
1245 1142
-235 -500000360
-213 -1793
500000353 500000346
1714 1355
-201 -1968
-1709 1861
-193 -2167
-194 -2574
72 -3736
1290 1167
-500000124 499999869
3335 3090
-3987 1650
2108 2003
173 -4019
1435 1239
2347 2110
1523 1278
-425 -3931
2978 2592
13 -3536
2848 2458
499999624 500000098
-339 -1045
-1926 1243
-3404 1642
-3465 3123
1991 1958
1473 1256
-254 1662
-500000153 500000205
140 -3941
-1519 1812
-2851 1560
3007 2625
-2301 1409
-295 -1236
-2638 2284
500000004 500000199
-80 -800
500000432 500000464
-500000409 500000122
881 908
-604 -275
-2 -3479
413 441
-3779 1654
-260 -1425
2246 1494
1602 1312
-499999507 499999752
-1858 1205
-2498 2196
198 -500000425
-216 -2980
500000002 499999756
-271 -500000044
-2668 1517
26 -3581
-3423 3061
-201 -2745
-500000061 500000496
845 1703
-263 -499999796
3325 3071
1843 1399
1724 1867
-1619 1047
499999948 500000054
2608 2266
-1210 682
-192 -2505
-173 -2420
-184 -2194
249 -499999981
-2841 2428
-3937 1651
-2414 1446
-33 -3354
-3538 1649
2660 2303
-499999775 499999681
37 -326
3428 1634
-189 -1951
-370 -927
2387 1520
2406 2141
-2398 1441
1327 1187
189 -4054
2370 1517
3352 3123
-4030 1649
-4083 1647
1355 1202
305 272
-60 -689
524 1674
434 -499999642
1220 1753
499999788 499999823
-1024 455
2102 1464
499999776 499999732
1406 1226
-500000192 500000120
-2193 1370
-499999621 499999568
-3474 3137
3227 1620
-487 -4089
-499999538 500000257
-164 -1458
25 -500000423
-740 11
-1383 854
-1833 1899
500000418 499999722
-234 -3154
362 -500000284
-920 309
-47 -499999503
-500000214 500000093
-84 -3112
1011 1723
2150 2020
-3032 1596
-863 223
60 -257
-499999693 499999969
-3512 1648
499999582 500000088
2859 2468
-389 -859
222 123
-224 -3064
-519 -475
531 594
469 516
499999972 500000143
-344 1667
-193 -2541
-119 -1049
3367 1630
294 254
233 -500000147
985 981
-289 -3454
-2978 2546
-1494 950
-322 -1116
3308 3039
3233 2915
6 -3510
500000146 499999884
-2319 2099
2253 2064
-2789 2388
711 775
-2281 1402
-500000284 500000002
-3386 3009
-159 -1404
-180 -1676
340 328
499999933 500000500
499999745 500000487
-99 -913
54 -3676
2494 2191
383 -500000184
2378 2126
63 -499999855
201 -499999584
1039 1017
2820 2433
-3322 1635
-500000300 500000115
-499999588 499999634
-144 -2703
2912 2521
464 1670
-67 -727
500000282 499999763
-1970 1267
-1772 1151
-500000377 500000081
2154 1475
-2284 2082
-500000110 499999948
393 -499999969
2724 1569
1663 1336
500000006 500000201
500000183 499999550
2936 2546
-3722 1653
-7 -499999774
-40 -499999608
3061 2688
-405 -499999557
-688 -94
3584 1643
2277 1500
2191 2037
3089 1609
1752 1369
1169 1098
2251 1495
-1112 570
-44 -3306
290 -500000414
2419 2148
96 -499999789
499999925 499999795
-982 397
499999919 499999656
3431 3299
-1756 1875
-500000436 500000268
-1199 670
-190 -2424
-1406 875
-3316 2918
2461 2171
-2253 2067
708 1689
-208 -1859
-235 -3162
-499999991 499999766
-760 49
53 -500000339
3384 3190
-495 -536
2036 1975
143 1657
-499999537 499999796
-499999730 499999561
-12 -500000178
500000452 499999846
-2773 1542
-499999633 499999604
-14 -3432
-652 -170
-3453 1645
-50 -500000278
964 1717
-2155 1355
-3668 1652
499999836 499999999
1229 1133
239 155
2701 2334
-25 -3387
-3209 2789
2135 1471
-296 -3485
-499999742 500000043
1478 1802
-94 -882
252 -499999530
500000054 500000089
-2816 1552
-354 -3712
-2874 1565
1671 1339
-131 -499999924
-669 -134
-499999684 500000453
-1957 1260
3351 3121
-205 -1902
165 6
670 737
1196 1114
1760 1878
-4102 1646
177 1658
-435 -703
-500000249 499999895
503 560
1062 1032
-156 -1373
437 -500000245
-1824 1184
-192 -2210
-2091 1992
1013 1000
-2554 2230
-377 -3786
500000343 500000365
-1586 1022
2795 1578
-379 -500000453
-2456 1459
1127 1073
-2873 2454
250 175
-162 -499999927
1537 1816
892 916
2635 1557
-1682 1853
-89 -3084
-2373 1433
398 -499999618
-500000493 499999592
-360 1668
-133 -1160
1382 1215
-500000069 500000271
-149 -2661
-591 -304
-309 1665
-1416 884
208 1659
-2327 1418
-500000418 499999568
-1435 901
2885 2493
-175 -2391
-787 97
-705 -59
499999517 499999829
3253 2946
50 1655
-170 -2457
-2499 1472
-185 -2152
-943 342
-351 -998
-123 -1080
11 -3529
377 386
2049 1980
499999737 499999862
1960 1431
1409 1787
-1597 1830
-3517 3206
499999527 500000372
-461 -500000035
363 1665
-187 -1851
1288 1764
-499999842 500000192
133 -3922
500000469 499999888
-254 -3281
2762 1574
265 1661
-499999903 500000204
