359
368 212
21 338
179 276
352 131
223 285
206 56
103 34
300 212
36 215
277 421
395 122
52 32
18 165
148 409
174 0
24 243
203 84
39 53
144 359
316 80
59 178
370 232
9 265
381 205
38 127
294 419
16 41
41 373
266 221
120 282
293 310
413 325
6 366
249 130
357 257
214 279
375 188
142 126
364 280
351 269
329 240
243 298
284 410
240 410
146 397
275 68
155 148
367 23
1 118
398 197
301 115
77 149
147 8
153 6
416 67
71 50
140 202
314 414
418 262
390 266
9 207
310 92
326 406
137 147
393 69
354 197
254 175
61 390
247 229
334 283
151 160
205 283
6 278
147 375
184 267
36 33
360 11
198 189
136 231
244 62
5 224
355 266
191 339
251 47
277 374
34 150
65 70
347 412
197 146
356 217
308 161
371 182
285 274
90 259
374 170
232 406
131 300
373 268
246 65
306 13
7 369
251 143
51 344
31 382
283 104
79 184
33 389
85 4
347 384
419 158
362 330
396 133
113 141
412 47
272 108
7 258
334 3
233 354
193 377
94 390
409 271
246 326
195 180
104 115
295 394
409 402
280 120
372 388
2 346
265 8
98 61
337 109
341 248
200 24
373 324
101 284
99 237
315 289
0 364
116 73
115 383
92 357
66 55
26 261
140 188
175 286
323 221
178 393
18 133
396 141
314 128
42 352
161 348
99 383
62 393
157 370
392 360
64 308
70 33
391 84
274 24
330 357
391 330
364 381
203 109
417 327
194 43
245 37
237 388
161 81
69 398
14 308
41 358
236 284
350 180
339 99
348 204
375 100
389 402
138 134
48 241
287 245
184 69
167 414
167 240
367 15
114 106
410 129
38 318
118 392
93 247
241 59
261 6
327 147
204 151
64 359
399 220
340 286
410 368
220 177
61 76
205 224
139 91
67 26
60 148
233 105
40 208
68 187
239 349
8 370
12 305
127 404
12 303
70 306
322 93
238 176
69 81
270 321
303 287
386 12
27 9
214 416
33 253
13 218
141 86
28 22
310 265
73 1
17 343
419 381
120 269
16 277
187 119
23 205
306 55
249 117
401 337
3 1
236 64
86 324
241 343
374 186
80 194
50 231
208 408
421 119
316 144
321 301
159 419
113 387
24 412
73 204
43 107
157 297
116 400
376 385
129 349
107 323
159 250
75 158
207 5
119 57
27 149
368 201
388 251
412 16
263 208
48 290
19 30
117 408
298 7
357 253
47 300
346 107
337 288
408 18
345 386
204 415
105 163
199 278
142 32
150 171
281 315
333 79
361 353
174 138
171 378
125 78
8 123
107 143
15 138
5 329
304 42
11 187
278 27
413 163
248 29
2 225
365 332
148 14
297 4
105 29
297 202
40 10
405 182
389 44
325 420
216 25
258 281
86 417
340 34
228 25
408 36
382 126
378 10
3 75
125 41
110 5
399 44
154 358
17 200
182 228
388 78
299 407
378 351
324 378
85 420
303 276
387 233
264 137
206 387
216 368
322 299
211 267
351 50
54 7
75 401
420 270
81 83
232 310
176 207
255 251
78 243
82 217
285 3
258 155
96 139
4 40
405 411
331 413
49 344
366 404
54 124
96 377
416 227
72 219
288 162
228 385
376 415
