1000
-757418723 90436380
492915528 -134295398
-874211525 16122778
204169465 -187891707
-242691367 172211001
963766011 -28817654
396669381 -120383389
-705351807 92084168
723125875 -10156233
-490438112 126496051
-966669223 -151601535
-781680399 46058924
-303311696 -276584325
149047354 125216314
580822423 54825668
988223344 -32656022
-66168055 -215569087
-233664831 -263675579
585744511 56177390
706616919 31834024
870024639 -1759876
765405397 18186905
-667327995 104928816
887460134 -37184222
74429427 128450933
-418485817 145260167
-794892173 80720659
843738782 -37890874
-963150177 -169115876
455851844 94334513
-346939796 147134749
315448626 107467173
-953417479 -125392777
629592334 72819214
109975299 133898537
-256863651 124533358
-584137255 -212171650
-187469433 151633667
369856312 102976439
-856154545 -245905614
31216390 129531470
-979981816 -179419386
-44041801 -229142827
1046141 146839013
-698084860 -305645293
618076582 -110887386
-340311818 156391823
-909368086 -81651123
-318809296 159234263
619633740 -106730439
421105659 97232642
364874065 -126296995
816886715 -76067322
-261083471 168236954
-483021461 -309771552
682172068 50213903
944786699 -17714066
528875647 84738298
824194449 -71221273
-242738846 -266031304
-286722215 165567210
593323942 55214523
509488906 70691879
934276721 -42182694
-158363088 135652309
-846153840 71411216
-655721356 -272139050
-728239801 -247134807
167115600 127470726
26987321 124103904
-753581026 88022595
-765685174 -91892238
-985941938 -177554684
-656014999 114000647
-481223817 138490053
-241369232 -265104112
872896993 2183348
310161537 -161405636
889275015 -1629432
137648694 -199634624
542628739 80731698
445738532 80639308
307114191 110037829
842175295 -66231304
-774887774 84239761
-239849494 -266796142
-737049203 81048625
219197157 123642015
-295323809 165553077
56627631 141627892
656919991 52239121
-98505188 127661384
563113431 -115347796
772045157 -80555365
-284034543 127320987
961120182 -32618847
298197981 114108267
-716226280 94118940
884696467 -18671743
-647753756 119715892
213051526 124578975
-147327636 -181691553
350912062 100428739
-950610601 -147747399
-842854511 -30459969
-946769032 -97529439
-546290453 -200204307
-697166628 -260830713
607883140 68409996
-256231289 -268425766
-705691093 72884483
-803072100 79262944
-687202561 84528636
-726994639 54287412
-526345814 128312913
750781418 20844333
-752521089 53134112
-323128002 159818469
760982967 25794079
-71888652 155323772
-797070934 80710443
906117573 -8168009
-261469727 170137152
526521215 -113811260
-957568904 -186174854
-570660332 -325773290
904563597 -50113399
-588651129 -321903252
-195455874 145330455
177691816 -190018119
786430161 -45488689
-219393919 172687131
879072698 -15700819
697672846 28846082
477780788 81313987
-458487495 139529227
-124039533 161862287
641025639 71411216
210457406 123350779
-375388218 150617747
-606997253 115485429
718643719 43357401
-417064891 145721532
896841448 -42186348
684325476 -97403893
-909140904 -61736305
-242784657 172444967
934652355 -16618537
487913736 80170298
766488443 -52619657
-230769228 173975318
826263431 13674113
-378004991 -213144259
667457776 -99474725
-62421159 155170141
443675143 -137743411
-583285058 123817660
-734943141 -206952392
108309749 -201010986
103482062 126647984
-994426324 -185227873
33259925 123041171
-338016969 158404378
-547234901 -321382614
-928930546 -74278054
821875672 -25867631
906022425 -19595612
-203641687 170905299
-523425741 137235544
-909071266 -75962770
-674585646 112173002
530307162 84752627
-57110078 -229382918
-291913646 165831964
-841551287 72193183
866072445 -16221023
-910409360 -84316363
928675330 -45781883
822476939 2090995
-814101686 51116991
-992873025 -173834673
-691345080 -292889419
206534842 124397344
974549793 -31045269
943296345 -33377624
824446002 -71199526
610655960 -102132060
-963289293 -168334702
-430710965 148859965
683646377 50492906
-151057459 125006220
167689256 -189830906
-231339290 -196141133
152334176 131022450
968151773 -32215796
450577608 -121304907
160253733 130308964
-726435031 -277387857
882778061 -4266669
-235278949 173280429
753871593 7393275
-193408641 133280751
199145718 125173888
-794156196 -232708654
289656581 113467292
-855666594 16256902
-138264802 163113168
966263578 -22723282
116693574 135196343
688467197 50756541
513967191 -107594680
-861023730 -180182175
-857297751 -32245998
667731536 63686283
724968299 3692066
-224915578 145308563
-86150412 157550845
-596903805 -204282954
497029515 89208294
-844461205 -8481034
86251640 127591065
-898719529 -101170344
84541760 123584585
-556046729 -323669324
591710317 65064756
-306179131 -276447124
-147193388 164273209
-211289360 -260295489
-735867427 71735255
896904649 -32405290
-731275923 -162406866
-679507094 -261266741
-826292186 -33377083
656848456 -95969073
-686811397 -261400022
665543121 42796550
-901508489 -28846243
-869902249 -221600290
-816704785 -102620104
-504639849 137271778
-282850039 -255910669
-692677339 89188002
-759160043 74309696
922914790 -44045605
-678708411 94055026
39169782 123214975
999999996 -31152886
768593930 19128541
-143682845 -246347451
538212084 -122616587
-763397127 89905205
463221388 92002506
738441933 24833981
-682426934 -300329342
-328102185 128548702
-827686691 -10453915
53660252 140722937
596000380 55535370
-846450527 -117218716
14972437 -162143891
-631913288 109669606
360947737 -107535018
-903081359 -33115816
-122354396 -244590951
-674949961 111971558
-245940055 167837694
-671236175 109795296
-653522500 116752801
572580650 55751862
18248877 144164113
728734753 45934572
540758145 67884479
-243455603 162218249
85162123 -204483461
-706452799 74533128
-753516039 -289149239
-176572111 167673000
441269705 90850747
-648248866 -325230803
656344967 55958950
315299027 110284246
-952380171 -197510579
-835551182 51335435
93430988 131267407
-863383165 27742569
6675161 147395318
832988115 -32179239
-879039887 -155293864
-755255388 89933064
-562188740 120435269
-960119556 -131082445
-707126944 -247997794
-374045290 -214016131
-97355125 -239189812
903716560 -11878493
-937781548 -127889693
748596141 -15481718
519066825 -130714374
544750162 76166071
-388136635 136037672
-325913433 126194525
512170352 73281191
-896571648 -189047314
-437078190 146128195
-698958644 -271440921
243331873 120759117
-378672761 -290879639
-934257864 -86602605
542313673 75373001
228259708 122960067
-814166507 -110254812
551434712 81201587
419368840 98036832
-223113984 132589398
373603365 95280624
644878782 -107982607
-602898343 -299900766
-356485398 -212951721
-162234911 165947058
869381493 -61605542
-442537591 -185875760
-349877203 138868340
-654855304 109486393
-655437861 112414630
-170484342 -169021124
-333120363 160550223
-596917374 113910363
-762718922 39770449
20719655 -175281307
172087192 127839839
607771003 75423612
-698915159 -253723995
830367626 -11675389
-868132389 -21523017
953957468 -30691026
-948272133 -105384182
-202614489 142861479
-721102645 95885541
-664572498 -324510397
-545385447 130744105
-751297247 64542362
-955652398 -114434273
546027533 73636935
-777292255 86191332
-813590417 -94949873
817276502 -2329016
-856234370 -189643493
-833905626 -29199430
-803405401 63614129
-403666966 150319278
-988002420 -165697638
740501218 -22340242
-449218583 128494735
684510960 36938861
-874956014 20845044
763121830 8913718
-770936667 -115359193
-122387965 -205437625
252822182 119435214
186211097 125957595
828358587 9248316
-388258151 149558755
708147367 30625243
-670203884 -309786017
993520348 -32265132
332068940 109590569
-672932818 105107579
-427892160 134690067
-876795475 -9495043
381438022 103541302
-865580530 -35621122
855181235 -65482633
894825273 -6639204
534048451 -119327450
-535180049 124951938
-32168500 126438580
391752823 101824930
-907937107 -96854008
800880836 16787307
-757279379 91620938
992386945 -30503329
708197981 28444299
-799193207 -34956252
-805635191 -13004099
-902708204 -74148491
606971914 75421687
971571850 -31596109
91211096 -203012913
780953136 -60789198
320904388 -138859944
575202628 -116606781
-390783920 149449440
-804237245 -178240995
127930189 -123292474
521841087 66141255
32846748 -213318197
-297341565 -275950659
826056584 -65612487
-977708419 -161694547
734850219 -85890033
-53544140 145695570
41030746 142592531
-196553573 -210711248
-367771929 154183625
-642693672 121418432
-7208020 -222435992
694532818 41613700
-638936865 122042721
533469028 71214614
-654864110 113027933
-474528958 143146927
599262147 76347661
-679955658 111316374
577536753 78895985
-580765282 128175643
-609619200 -239185197
727297725 42726311
-520436965 134906098
209880314 -179612676
-674163577 108496342
934324275 -26065023
509715451 72671807
-766550819 -95986523
266455454 -122530125
875043443 1363795
-978896325 -157387586
-990777903 -173349935
899394082 -24392987
-766188332 75115318
788969526 -23719727
-747152186 -200529826
-823172522 -246705120
-983773687 -191866196
-335258359 160163595
-598850003 -331207469
-411230091 -172342319
941624254 -42212631
533933322 -108074347
811471047 -12646870
-612581319 121394732
794871792 -82434937
-646447838 -273334177
-682351708 99566418
-358495236 -287595190
-140529938 137542330
-417472067 143932633
-65680930 -235120543
643718006 70479792
-643033601 -335730285
996067762 -30771404
-469966356 140118043
409092179 98672934
440661508 92450703
763059394 14160641
47042087 143024980
44076912 -215457926
-433180316 124764618
817320209 -75733424
405061564 90790191
364302762 -127223565
-733158410 56520169
671870271 34660428
-642679795 -337973220
882693413 -5117704
-686348861 107698993
-701839367 81880904
-340853800 158035829
202365679 125667695
328971107 108304493
-716523481 58639805
755606714 -33737330
-252290932 134299180
-310456843 163716932
-277517995 143106801
192556948 125888034
-399958206 125614809
778782429 -13951660
-313959682 -174444334
-671877535 101393548
-477294435 136238259
999624349 -31129203
966394060 -24380695
-712797201 -229342023
-602538362 116645825
-558373036 -256531898
-770659934 -114059874
234203571 122050444
721671715 7217118
25034880 -216387384
-787598636 -63445592
-105230267 -242086283
428550941 97905901
793313760 3532208
963455676 -37486459
-665346316 -301961718
-728912632 -211764931
230958484 122659289
202747383 -142478134
-993173852 -177460167
-901725206 -48127868
561892939 80982386
296456877 114467420
601658276 76290129
471873212 88766638
-827732976 26401014
61224730 141174962
-710379637 96159685
-495041478 126125891
235979656 121766731
552976962 82388716
-488371058 -310681135
335211448 -158420679
-842398965 -194099361
-816456947 -167955980
438675859 93225222
-409539848 150008841
-832335959 41585477
-751831847 -254161628
464624040 83337507
633775836 56877669
-931554869 -186843021
-933354033 -188579877
-985701533 -188002781
215689168 123961864
-738901363 -210457189
447386902 -138998381
-280715666 148462373
-564003618 124498483
-958153811 -124684835
-684669958 -302365486
15438536 128908587
819364510 -40552981
48910007 135409918
165885758 -123106862
503281804 88481951
-434080678 140971712
411152461 92692931
-732847836 -226707495
71755357 132531028
367109603 105393244
-296353098 -159864915
760185002 34462394
-699874565 -274269631
-802876753 -9939150
375852384 103277764
157482085 -178190375
492405594 -118209528
-98575332 -239604317
313028314 111929028
767707710 -86298707
796530546 -32242179
607271204 61539345
-972611516 -160449714
542881426 60322197
-739541165 53832518
775868179 -36409924
-388486508 -292993740
-337599215 -282848184
245853119 119760555
444347274 94754810
-893765422 -21803413
-700553593 99271221
-870695787 -6284272
-99967263 -240145380
-613863350 124555981
-538748164 125381001
-522374424 125236030
-186000784 168810405
150463287 130674553
-434059171 123115600
692631721 33050645
-143197473 163973308
674955214 43188717
-64289884 155030277
-663907373 -293489457
-55341106 153458152
-17676453 -226787956
-641025636 122693267
-845684441 71519802
-178180780 135924797
450810490 -134194935
590557809 77396644
749536629 -520462
-775020335 86014172
716649176 -92907052
44918941 -187482740
-179496383 168255835
-423838919 142617527
-722323226 -190995361
-810467667 77720453
311043796 111401435
72409924 137244903
-483807852 -223640240
-923257751 -97910224
-246067130 171869789
-954713056 -135974918
325991250 -159235167
850728683 -66750537
409229154 100042694
-128446661 162252566
-289789035 160816080
-459294800 141238019
727781298 23498623
-911667089 -65319680
973370062 -25500873
-158395913 161764055
-949042980 -189156644
-619620965 -205237943
-829920789 32640577
-845708220 30271291
-573067694 -326449058
936388538 -17318846
379092934 102857956
-860702527 -214714728
-85595699 134389011
167008257 -187702450
788611413 -58698082
-74185811 129571064
975588135 -27091450
-643322180 112017882
861812434 -27249000
997636897 -30645695
357773500 -141482340
745970175 20783388
-672767044 109464177
681904898 36625069
789972450 -82874461
907636823 -12185876
-804854039 57693187
-650484361 -321005258
779816869 15220327
-839141178 -33911704
824772130 -50304749
921082418 -46215058
-738268086 60391061
-433987916 140818133
-204020550 170957815
450691684 -141337651
-420480364 144718078
806124081 -78728928
230769231 122693267
-623525337 122292399
-407955747 -296038409
-322348225 155190850
-591217422 -170865621
-329414305 160203406
-781622492 66148736
354302263 -139950433
-831193301 6977080
-807332625 20131200
448573636 -140603534
-564732834 -324600570
-744347685 -138854528
261723123 116482610
410442773 -144708045
867032673 -16955290
-618548541 123408571
-828928013 -103159305
144537256 130380195
-852417963 -10420511
-574966225 118069118
646409586 69499426
614961368 51508528
-845256992 71585523
669474048 44954241
448275717 94050283
-641025636 -338845192
-959943787 -120340132
-7307783 123514830
-104684315 -242880646
-312540244 -252210006
484684790 -110468660
-44117143 -230238600
-626512803 -336181750
425238569 96098370
286405946 115563421
-823966982 75416855
-31514342 -217938488
-353508554 157833177
565441321 80594919
-371347142 155963492
-861841077 -41699771
-703761712 -267084990
678610213 56310526
451832793 91335038
-207347384 -209674742
-821803742 -27056455
250258662 -173678116
-680861719 -269019879
277285434 116690737
82336197 -205335150
-250206806 155299901
766769938 18919693
66166355 139605516
-710110352 -250484042
376776520 101617884
292805118 111649101
971423583 -36779363
-691639619 94614205
292773831 112547902
-707182490 89814190
-941584855 -91782494
-596728905 120112164
551919687 74029005
-443455638 -301879866
-679619661 -321403448
-291505100 164920634
-24319425 150559833
-587349714 121555532
-580581949 -162253403
-674072880 107151973
384596106 -153519986
670884615 61801983
-773002329 84150972
776181046 -84945142
-500642644 134679558
80603162 138600450
-851379612 -12205739
739469996 31099045
-509987194 138930717
-359194665 -286194979
-466429866 136141448
-910466250 -95904984
611710228 74945669
-696421448 -245145297
114547359 -201599050
-554976520 131841781
617745195 -98636378
-673656322 110980899
216067793 123062400
269439186 117786123
-529249579 125064763
-760997636 -122809486
-767435305 81851060
430454145 96331998
-679775392 107344602
-361252978 -287941310
-580385055 116334779
-814627924 75650621
339054598 105430083
-9047371 -215623988
-531010987 132890154
-519324072 -316664306
-434660887 142783019
498451067 -120088224
-116033686 -244810758
-915800461 -92894068
-518296508 -315984724
959725909 -39122723
-647845323 104551257
-221250276 -175476518
691549307 50178058
-962031691 -195606473
329473199 105830129
-189606497 169207045
249310538 118128750
-841712972 -40389240
190226454 125293339
-753514371 -234065684
-318872438 133856438
500415718 71147411
-609166445 126429146
217143410 124068600
-232085733 -263388511
929850933 -12237113
456665150 87213754
-894517411 -65140028
-531032255 135383160
-419505874 145539747
823328530 5351530
31943748 -213296423
80181127 -128140464
635058810 -108230668
633685058 -105374225
423875809 92397355
350598198 102572979
484731718 -136746484
29676067 131557279
-908811122 -205169885
938734008 -16956983
-363268098 152329602
7713022 147131411
625379764 -112090608
-947469992 -159035289
61584226 131813688
-251239973 -265799616
-903951196 -30442604
-831433710 -249616557
-223728497 128259140
73849187 -197571568
820146056 6869235
152377398 -148179165
-710992439 -236896718
-629472447 121336903
-773767817 89239900
-977706506 -162476098
913813825 -24515066
679089707 48796337
-161946797 -222786164
328465727 104742544
196515099 -188854502
46354193 142947819
-849351308 51399090
146667467 129824873
511540636 87407181
165974412 129762400
-27559590 128246788
-3428921 -197976203
694715187 21064235
756303406 20463351
-962528840 -132432567
-481992533 -215111817
122966516 129532882
-644156386 -334228509
-885140474 -193675178
-532163039 130091942
921644821 -18218472
-743662450 -230122493
763010367 -86249160
-844823823 61134951
-709964832 93006331
-974159283 -161760140
738139408 25356366
985038094 -31726922
-973953065 -187279594
-509520052 131175504
105371316 124500195
-396407110 -294431794
236507102 119279216
36406171 131840345
-908746620 -99138857
-438700992 131646750
-27870155 -228206927
-705771022 -263609512
-992619986 -187473568
229405079 122725726
-792477468 -5980254
-60967865 154993353
-831643997 -94314978
-653773886 -329510368
-29010185 -224283867
-271399171 161343149
-882082001 -124550782
-783572903 -229200701
-999308953 -184283371
11774788 141168490
-914914099 -106451583
299778180 108989319
715340439 -85197332
955407596 -41358950
-733582021 71003214
-675197266 111677151
286801987 -167297275
521379218 72078086
-460322593 144166201
-225744099 173415453
571083078 73627774
-29165444 -181746093
567348078 -106640396
520408401 86100787
-247008845 171388763
277383651 -120727149
-25550531 -225826686
707242923 12949866
-391309978 -293058778
531035130 -123485337
-57034914 -234205590
703500747 29172960
-121762381 161336207
17341621 146069988
558413780 78238448
-854520704 -30607120
263476336 117836974
744483377 13818656
-497949197 132872421
724444589 39029321
542807408 75087746
-937090994 -176024031
520947049 77014441
-828354905 -204128617
-296209157 165667985
-843338623 6508416
-933277279 -105787442
814326540 19200167
-90195077 150794018
-188536226 169116917
-56322348 154207740
-185092661 168637541
-104914858 -181604037
-516134335 -168090154
905303200 -8045320
-936499186 -198114703
-930422309 -99920488
-907163161 -101379346
-392658175 152372777
823172004 -24547632
-758930606 -216544941
-786100107 -173919330
-534481669 127020709
-448333632 131608091
983803180 -26549401
425218309 -125328252
-850788084 -222571117
371981860 103654778
288263914 -168914785
263024505 118072936
-463161065 -270244474
990730000 -28528545
-664957027 115316153
103396600 135344998
202873451 124201596
-833592453 -179304046
781662148 13875308
-404809061 152196106
361714346 97298645
-741416906 -170176278
-12667813 148863111
-328197437 161101592
519470347 -112282533
381181789 101876133
-938979585 -108347571
246441814 119839118
-765582973 84851010
-726229034 -210506860
276004337 114408822
-980560538 -174287451
-580650101 117554960
867938677 1249970
425525430 97999446
513002384 86962722
-735585356 92777623
-874332538 -210014606
-93591882 158340629
647040428 66215758
879289269 -2636011
818261208 -6739658
-294681098 -236840159
761227557 -79217688
572117715 79922654
-525929307 -317402713
-616497235 -334361906
594647787 -116338577
898485598 -40126142
-728793987 95580283
-397946436 127614233
843464715 -10607269
-69043135 137804024
795858507 25149084
-996777815 -179881544
-795122547 -220248500
157412169 125520531
-491878913 -220064210
-999999993 -184999039
-837305979 73290948
280347558 -168762322
567696399 -119666626
664230111 46843367
697920655 54243758
-341775070 158839194
765412765 21035311
454646281 94169821
-913447473 -46111016
-63237247 149129155
715918084 42909644
-14118489 149557357
-752615971 64165689
297463468 -166034037
-659731195 107345134
-424713313 149695739
-41730117 -231349329
914442533 -21960148
-109663421 160400135
-840477710 62456600
977238725 -36101810
-875261810 -181721741
-996320769 -184841202
993796535 -29760316
-795969134 -36877881
680639155 40204623
243299059 -174498187
166887115 -193608665
910896992 -14486102
270378211 117182256
828443179 -6861612
-633362908 122935496
-584874325 124496460
955047708 -42181501
-858910369 -124453905
-408994571 146931298
570395929 59248790
-385199516 149105726
990710062 -28907647
597291727 76796463
-709011952 -285698770
873704114 -22815384
655893482 51572636
-343136861 159733579
-825748500 75604200
876189161 -59388525
8947295 144347106
