1000
948937975 -400862981
949503258 -402633523
-62248656 -867263748
992412912 23306165
-294026734 -826355663
428366657 -836203727
117442085 945544383
799867257 560855266
-685754722 -565644358
338547350 895435744
-15463705 -871489332
-982752478 -52782254
-368876871 -795873560
405151165 870056639
-961602337 482909943
564349467 782175439
-705180175 880964885
169368112 -878467483
62024329 -875138804
-552955701 -679139045
-945353877 552263860
419249044 863211082
-982829488 375414803
694762107 676619591
-897743298 -301018651
187228839 933739442
10786509 958402777
820762540 532840394
-993783262 263369541
985192551 -282275585
-289748389 969068918
765065241 605369063
980953973 -302961028
995564327 -45704059
860767602 -536189499
446208892 850478889
994716171 -26656666
386164245 878729304
-872353189 750800303
-752380769 -497626990
-646529149 -602134414
-988062788 329695512
-51823808 962090447
-661079070 897400056
-372746261 -793765993
787611397 578315400
912925087 386726610
-991836513 296930706
502040799 -802388846
-689795745 887406802
-806388333 -437813397
-675642694 -574961236
867582256 -527263470
980556148 120910607
939127460 301121052
-142589170 -859248403
977851855 138321944
970620654 -342959459
-107880620 964926452
963989496 -368480595
106780275 946634168
711424957 -649473345
227494048 -875914878
-759431611 -490074686
-725557513 872442229
847172473 495626285
444779275 -828709228
387332059 -854845371
-208512673 969178237
991907065 34172099
893629050 -492783160
-862871223 -361446634
-968244189 -104439772
-606420613 -637377925
-406309562 -774155517
-985630506 -42794909
894173411 -492359278
-671903356 893803932
-52505757 962274198
-815961476 817855013
694387499 677123155
-200579407 968948270
-427747524 959475019
574010648 775493663
454720745 -824168390
821578551 533011477
228877017 925397539
-723089892 -528632136
655940538 711021068
248368146 -875617104
-787169383 842165368
997796146 -117873429
941104622 293804203
587685444 764993850
875854837 -516791411
-608098456 -635773865
282468399 914364429
-972788897 -89463790
996216630 -235524979
-659828168 897609926
-672254389 -578042084
-679523341 890981024
-464034309 -739428093
-842800216 -389891945
-896397664 -303415213
-594843074 -647044460
-997659776 178975197
-862739724 764228696
199388149 -877252600
-506240729 944938960
-843046615 791831228
406845322 869070673
7760366 958594295
-610884193 -633681390
-918577706 -260483159
-998057814 75772515
-334030491 -814647415
7885109 958579702
-956165243 -145010575
-895466785 713745243
505094505 -798868345
-594557665 -647286830
995764841 -50182184
891395783 -496074993
-498385506 945968284
-994808908 19765
-986431691 -39850566
935799131 311098905
997976665 -196495037
190343854 -877172937
884030805 -505223892
997326619 -227511712
-405223488 962697318
-134266659 -860210695
-854793980 777423298
-401833550 963177096
-447714073 -749545735
-473225298 -733736108
996863327 -232730204
-424465810 960152454
-819674669 814777581
-757661107 -491998048
-994665314 -2587508
899654365 -483319824
182404445 -876183269
-383635191 964558296
-93877473 -864973870
967346847 190808274
-521846833 941323058
590913255 762541963
960810874 -375241686
247095843 921824320
-164513091 -856827016
-303436279 969906594
-946136552 -177827511
-534693729 939107474
-997125338 202501195
-694187876 885565702
-987083613 340737254
582249002 769118088
-804854874 -439800942
-939021159 577963801
511686097 -795244901
996996700 -77794148
-598535853 -643897373
-999999777 122781074
-796832561 833561949
-773514580 -475168294
361122817 -861740205
-860299389 -365618385
983519162 98610106
-892551869 -310036635
-598986006 919004111
-528119841 -698401846
-992921591 280105213
-770348 -872676276
781152844 585286193
585369826 766771785
414965983 865638098
-997764244 66353137
-990132810 -22789981
-826885341 -411644336
-532017994 -695451479
-877092378 -336826238
216697494 928923955
-710986804 878525811
-975625279 -78653306
918407571 -457781541
-846783251 -384161451
186995350 934151043
-517997958 -705411111
465951540 841116498
390739136 -853236558
-997278689 49311698
-961565780 -126838715
-870900903 753751614
-935302399 -212659963
-706122273 -546606574
-959132386 -135019921
-699103734 -553113171
985008251 91310571
745728121 625408234
360952843 -861608536
-866597089 762395446
-537136861 937966118
-940135841 574481682
-847257878 785417293
-167304045 -856461183
-550256116 934543653
-125839092 965703889
-998293104 76834005
-763222267 856628504
773450468 595708489
994557727 -21436590
-996330055 35661281
995746119 -50077816
861224415 -535722222
-44017600 961661558
-322672794 -818359376
-997797255 196434158
-516331461 942261756
-938058599 -203701670
996622503 -233759355
-392736201 963923656
433307518 -833892991
991945810 -254564235
-542856993 -688103150
-806983841 825405930
-782312737 846590482
-513658983 -708409580
-580899735 924688501
-986394337 -43205294
-888331220 727968227
-615067098 -629837658
-50505276 962015022
106815632 946869255
663100441 705234659
432067955 -834454957
831292447 -568375278
167782099 -877370258
998394959 -126228601
-999352182 106909052
910027874 -469506429
340113438 894906526
-987271848 335636828
-899939880 699807633
-994751150 252295822
-441399434 957639571
-662860713 897354439
289757745 -870496339
518385872 810973627
-436620524 958229195
-836734497 800331986
-964806054 -115928710
-997672093 174964135
-541463197 -688823059
513585250 -794707109
449336320 -826600260
-760091992 857940745
987156053 -273687450
991879364 34800312
-916792796 -261453111
-868334018 756792353
284773387 913679205
511298571 816686060
-153397641 -857813674
301993903 908612017
923388943 353340756
-146013871 966601385
-155015884 -857747204
30932992 956867062
375001017 -859794917
317894247 904617328
633948060 728305455
997518268 -197855368
-876727143 744693389
59485941 -875035022
-25240670 -870909238
979360569 127359360
973747790 163013911
-477899228 950591018
-982801976 373041737
-872091676 -345521562
-119053065 -861683805
-846807610 787162895
-419189817 960997704
410140661 -844472399
681238193 689342812
-991380108 -18830769
-336988414 -813766422
806996360 553195341
974457927 159865796
600870843 754383002
891156383 -497626990
922723416 355022886
-980904786 390591853
940524818 296000585
-962215832 482022611
-738295286 867080128
-945059056 -180817196
665585799 703221590
601958969 -733046024
917848405 370637157
-991255861 302160361
616326495 743189138
473085359 -815632470
-745080640 -505310068
281668980 914606878
-338775393 -813273198
516251287 812911734
503201735 821636005
-909945759 -278899917
-854019139 -374683999
-917328217 645652171
410232588 867529573
906531857 398056643
-998084689 168593334
-594754175 -647120727
-351312443 -806064518
996478487 -234482575
-992436178 -13812786
989854652 50535716
975510111 155434130
878023370 -513776680
-764860126 855933018
982466903 -294218703
-77550945 963597266
-954554332 -149819812
411825297 866889894
80272159 -875858222
-976487700 -76488265
-918367137 642508882
-423391038 960334231
887447712 430374396
307114994 906219904
568484555 779594731
934374725 -433416411
-993209295 268819017
-636712004 -610899574
-530978964 -696083603
790757355 572460825
-15289950 959964357
-987819062 -32737662
-900306629 -296554697
-935107309 -213276306
466735562 840676511
-708925858 -543633286
43931860 -874238188
772652008 -606696699
-631496405 -615627193
960480552 -376385031
898659948 -486409737
-912683430 660173580
770220696 599765912
-974722672 -82567475
40094798 -874355224
-553815318 933640195
992922502 12191655
-974932159 -81445284
661598085 706360155
-87536190 -864752274
997603947 -93694351
962876763 -370529019
-898968582 -298874446
-839193370 -395865559
994601779 -22588295
-401360417 -777899054
-6444303 -871978273
-925175479 621135036
-610967919 -633248416
-137414881 966318354
-565050815 -669868622
904692063 -477422694
992213359 27457471
-123633572 965645132
-998989206 96908765
663378732 705073310
880652441 441501124
997475818 -225362019
14966047 958155090
-73936440 -866410318
-612275322 -632110072
247908094 921535646
-715111168 -537083037
916989660 373624512
992191100 28050927
-874348263 751596108
-641768814 -606388407
-6785083 -871907949
-768371329 854456923
203026420 930831864
-940703191 572077181
171039291 -877830721
113261620 945734783
-501123644 -716483439
-127424533 965851873
956329940 -386576169
993129343 8438791
696088118 -663856896
507482975 819379602
-485056455 -726424189
159303816 938761877
-449229799 956417057
755470342 615053320
806802655 555434066
-997777844 68713646
963511517 205883481
-692066614 -559819879
-998999043 99115307
570067999 778563282
-254175908 -839720676
21171469 957450718
549810571 791456803
-931069573 -224738779
-876065398 -338623536
871722822 -522239459
-997401908 58719854
511848408 -794547884
-893877345 718699346
-986394337 348631378
-844233479 -388145688
-269695077 -841290834
-609135456 -634828021
-509966517 -710755215
986394463 81964754
-807397112 -436268787
-765797474 855540030
184414739 -877694003
-883825935 -325146191
-644034708 -604156136
-594023077 -647693780
-447352777 -749718901
-316389453 -820236026
383294122 879911602
-652185878 -596829479
-89923741 964152245
-976107377 420377742
-449251900 956409639
932557644 -431761604
921846377 -452789127
-33720145 961166493
953791814 -389062666
-833058908 803444244
359750681 889136823
998190507 -193716741
-793307845 -454137685
-880440593 -331022507
996962031 -76848670
996842752 -74015989
-141657000 -859439827
401360543 -848647342
896981492 -489102753
-501012145 -716472097
-356845489 -802873754
-395231439 -780251335
15526944 -873223610
-676065998 892291191
949976604 262705455
-523068301 -701623120
-630426016 -616548523
898910829 410879999
622901412 -716122599
985677539 -281958055
593032289 760903227
-913753919 -267847776
-449881223 956304866
162306109 -876241146
304943626 -868711564
-906587227 -283601722
-700882611 -551502484
673997809 696422227
-735549379 -515416694
877485483 449107919
-996617634 40719178
974937629 157854139
-976723973 417693186
-885004133 731803503
-124687224 965666587
963362618 207051977
299247244 -869786575
808088626 552763881
585156859 -744663621
-724797490 -526806417
-267148704 -833841564
-986963200 341544137
-25850273 960876178
-273382706 -838700773
-665820748 -584433454
948299231 269719826
-722885729 873589678
-303401249 971760530
715261437 657398456
-723819599 873196888
533623669 801932697
-738595029 -512208015
-999895104 126069858
510444573 -796635829
660917625 706988534
-448859840 -748836443
-878351424 -334691785
300508889 908242958
-903580983 -290195896
-604726330 -638754624
885054663 436462584
-898371819 -299932185
-430801792 -759404872
-421086558 960457160
923778392 351730454
-934665599 591546034
167346975 -878579310
954123853 245502923
-526067350 -699309669
982496129 -293017801
829303490 522148424
-722448801 873801362
-755070827 -494759201
844497717 499913259
707910559 663733089
-255220155 -836062542
-243410810 970099688
290389658 -870770199
-952772302 -155790658
-817991744 815851350
-839654573 796615077
425003373 860385686
-306207713 -825028713
-817938156 815895395
-420408033 960876178
525300274 806759367
-675195314 892795248
354903580 890016652
-884954934 -323291571
-680388351 -570565822
-563806928 930322909
-922240537 630282912
997777889 -198222585
-49301601 961952000
293738106 -869939704
-410462906 962013351
319917449 902460425
896471913 415339989
961158666 215987209
925371503 -447142244
-306967000 968396776
-632652897 -614633774
950589985 260228732
139116717 942364928
-934693665 -214633838
-774812206 851512540
886380921 -502524167
-841757885 -390823648
150060863 -877795480
-405359126 962728353
891255979 -495957711
-981396543 386375966
-64158058 962864982
216082998 928895075
298119368 -869422792
916466231 -460797904
-949384774 535306785
-795918177 -451368494
-986672479 342593814
401564584 -848371751
74016758 -875589513
607630639 749031169
-515646113 -707150766
49224511 -874379962
-349965779 -806761878
-185725341 -854452492
293945716 911277986
-983712309 -51216829
43431282 -874094854
-836734497 -399667822
-991812829 -15877221
-578118921 -659925663
-382067379 964077901
-861544522 768118776
-995007075 4429087
916155632 376454521
531972767 -783341230
8405408 -872808811
-861224289 -364293678
-902040609 -293545390
952361347 -395022759
281632671 914617682
982042018 111098999
678120788 692372260
-524609085 940940851
148708198 940763562
-632652897 909175506
-62747674 962727184
993586369 -2477710
937730141 -424288409
263056792 918671737
-963620767 474676152
563740204 782581415
717006751 656114322
295195701 -870112338
-983728048 368583376
76471085 -875719904
765368359 -610790419
-951304477 -161446654
-451702192 956020552
227528174 926691551
-844667664 -387415161
859216290 477264375
928148939 337052633
-897182804 -302027109
-473339447 -733598706
105403981 946889776
-38836768 961487567
-841339659 -390975132
-141874586 966450116
-874350233 -341563701
383823645 -856418699
-343830890 -810320006
948204041 -400777434
-912319015 661266826
732628790 638049966
929251615 335025938
-333419202 -815262248
-998295952 78299240
918151630 369492120
500642940 -800383398
505238220 -799474003
-276190369 -840484078
311377442 -868031910
858345368 478338379
770541325 599263959
167046451 -878539481
-924429688 -240559772
-976420902 419073050
932702783 -432562578
-823054183 -416994492
-431495932 959072085
-885686041 733399872
493957830 826286278
-501414621 -716127757
-119623175 -861796381
-947629064 -173423236
-741914232 865585862
529660134 -784753423
-482610504 949499803
-619371321 -626018654
-31292449 -870416046
-766097343 855420507
-774149473 852032658
-777781701 849109284
-981074788 388553990
-441468973 957537754
929694486 -440335706
-949074461 537276080
-446680791 956739261
-12233616 -871642552
-951020193 -162933166
520105619 -790590252
761396386 -614298285
594260826 -737606390
-580229857 925295876
-997377239 53537203
-221009736 -848641609
-518802122 941544981
-763391655 -485895886
-268835975 969338595
549453010 791929926
-180946918 968125654
-997627001 65058910
-714643617 877043119
982556425 -293195649
147004619 -877120754
-519446908 942058473
-697830537 -554378232
253206631 -875023717
-70012827 -866561368
-991394875 -19594300
-751144457 -498928097
-932631587 -220342783
-575806531 -661808562
768707423 601692562
-784079485 -463929124
-422155639 960310051
524072332 -787938744
-852354324 -376679966
-398639329 963597266
218997638 927890952
231542229 924617721
-741951973 865541622
-455782177 955434002
482993183 832985042
913941555 383469883
-592056365 -649226232
-462722938 -740298719
929276325 -437942587
-129278291 965877571
-151151598 966823766
322448991 903733330
449756695 -826441194
-984011696 364089902
380915763 880663972
984485477 89967602
-824743880 810373286
-491047288 -722572603
-911148078 -273394698
557284746 786728062
-659863777 -590143982
376870751 -859531694
330473644 898489032
-722691391 -529036103
884516267 -505710077
959911211 -377522587
980313640 121057181
924010604 351102087
-984526967 -48401259
344666239 894849447
-766191726 855370766
-997103847 52445719
542713922 -775533010
-535788114 -692678330
-763266463 856596958
-981487905 383970764
992663600 17909597
-959183457 495570130
370339366 884624241
51405368 -874722335
999999903 -160212078
915929656 376978761
-889401167 -315504894
-782480971 -465630078
-877550817 748631314
993728909 -4254270
-303494731 971464773
843816281 501059463
271073413 -872977614
-507482849 -712592942
975758942 153683694
991725238 -254674802
-118534855 965406262
690734118 680419557
985521211 -281165285
-338588665 -813333783
996708125 -71304032
-189115553 -854089518
-202720993 969039442
-595618111 919645958
553999213 788915806
644797759 -700906299
-424700289 959925218
755070789 615443293
385378687 -855674517
541898419 -776063565
997740008 -139150181
-877827893 -335514210
979823048 125614275
784464331 582369304
673469343 696930642
-450592475 -747809589
-235636569 -842665302
934310188 -431128087
-978647564 407987208
230567960 926205141
-619644556 -625846493
891857823 -495379294
460676354 843657546
-387521349 964438264
232151696 924809045
-850058941 -379250610
-623904829 -622174784
-404124276 -775803249
-995425031 13363827
-978635309 407878004
775750527 592769416
882993119 441148370
858693307 477081067
997703739 -106029280
-695830975 -556255450
-837413730 -397796100
-840764634 795021550
50340191 955434002
337195461 895629476
998073903 -107007523
179009718 -878040254
451798770 847913731
-174724398 -855692068
46932568 -874335319
-891156257 -312593006
523375079 -788433947
845615190 498341406
-989166149 -26400052
-981450239 -59295698
-994557601 -5110062
-919776822 -253356972
-932383646 -220417608
1360607 -873137134
994823359 -29399808
-480973457 -728835569
947591024 272123109
-578406005 -659625780
-997278689 218019154
295494751 910777753
-423372912 960419920
432299295 857256340
970605828 176286979
-985126542 358235825
494488724 825971563
975766294 -321869759
-999270191 147893262
-573059187 -663635500
-467328922 952898882
-876179377 -338377779
845073339 -549099837
466474620 840893597
323345207 -867010420
919031656 367079344
979196826 129739694
-938307183 580184946
-996514627 36145224
-883667089 -325445676
514473701 -792939084
-984507032 -49101522
393246853 -852188381
-713285626 877608792
394230023 -851802076
385034015 879243538
861711612 -535095859
-989351707 -25662693
861037557 473406307
-876725248 744639917
996413326 -64737187
384115008 -856266104
-999873374 126349986
-284010331 968631054
-962267327 480092648
788361684 576230915
998225805 -177329310
99082372 947441678
-868217959 757319529
978130532 137070107
-63923701 962800299
-516735133 -706377281
-943119311 561840766
421799816 862026200
399879009 -849133765
278654985 -871943512
268445703 -873304449
-908225239 -280324872
-856262598 -371186437
-968238550 455122883
767374543 -606502747
800068569 -589871162
-693344668 -558601061
696040202 675255060
462912584 -820432524
-441076513 -753557228
-915646049 -269055598
-902851596 690756972
-485907039 -725880156
947677983 271800991
702187772 668440549
133059251 943269250
18133201 957889103
-881029907 -330064890
981931241 108458964
505837226 -798665328
927757041 -442925886
-112373140 965146197
354935564 889871771
-895667640 -304604476
-390183082 963962491
179009684 935412360
-916765083 -261743015
921088351 -454089582
-553741345 933665298
-420164282 960664089
45181100 -874285189
-657359510 -592069877
349555995 -863131318
-277913533 -832928521
-866640558 -354929650
999023536 -166257812
-945960746 550151773
408312888 -845394253
-700649657 882882481
976261148 150331051
341496607 -864973870
466666655 -818715374
-885579123 -322213299
874163049 454591646
864420046 -531611758
-959667513 491977242
-922619793 -248863237
-968029456 -105239485
-701566128 882491201
-289426980 971343843
167776505 -878141827
670858674 698993200
295290539 910081620
-450340001 -747967086
-122391976 -861676563
991684454 -254791256
-853216835 -375824495
412035090 866839618
-343823100 966917692
-765917747 -483226872
42272399 -874288881
-968170800 -104920993
-951161341 -162196730
-766304064 855332290
-884162805 734473394
997278815 -84021614
877479006 446036849
-373521486 -793570361
996175007 -59543937
930263492 -438855012
459635586 -821931094
996868905 -74665948
-978231073 411216402
-355018225 -803808101
978231199 -315314094
142857183 941828562
740221428 630462759
-77193312 963576289
-944139451 -184672468
-981639952 384102826
869758425 -524816215
-810228277 822773950
13756698 -872969844
-993442411 -10154456
-162674199 967325828
409288550 867864896
-530124317 -696814990
-896891773 -302548325
-473246803 -733720129
-995427534 222409263
935808144 -429684131
558888437 -763475698
945578143 -415994350
-998212572 78075195
615413959 743054511
936096371 -426043093
-698951877 -553330129
-38549342 961373854
632627099 729195252
189263579 933288907
-12776907 959922832
964625759 -367014766
906415959 -474228932
-484397075 -726707111
-119761556 965490279
253441900 920149704
499193552 -803136316
965000033 199626453
-819224900 -420878617
133911881 942997759
-974602296 -82629139
343619945 893934261
-995497510 15864759
-589380193 -651332019
405421686 869637802
809947546 547388826
697224413 673703958
-503860988 945083145
151509719 940314782
-169185467 -856202605
996882598 -74946839
-37486765 961302578
664374635 704114035
893051704 -492358939
-182935022 968185850
552285735 790146967
-742646734 -507894852
992695642 -251016513
385867224 878860938
-705622727 -547074027
997278815 -230960366
71004773 -875501019
-942634641 -188723845
-616286255 -628814729
-101622671 964662199
-788078708 -459684453
221768735 928223122
246258527 -875858222
168572002 -877253202
-980670113 392014612
-439800765 -754173104
-985318086 351826046
842176799 503733394
192660874 932565191
991836639 35706258
-529688951 939779290
-837795329 -396954439
-461242123 954239385
-962564764 -123618454
622025509 738211650
607643616 749755221
894210087 -492718499
997854387 -127209405
884890438 -503541528
100737138 947330309
-398670566 963592975
972094093 170213074
