974
5256 -701
2279 -59
-2264 946
-2162 6822
-2656 -3628
4290 -579
7985 -573
437 1028
-4411 -6752
12038 -1503
5913 -742
-3330 -5303
-4358 -6704
617 -2537
10163 -949
-3364 -5362
-717 2350
4098 -1078
11309 768
-1642 -5757
6079 -746
-4218 5603
10490 -1012
10328 192
-1610 4192
11825 -1409
4267 -575
5055 -682
-1443 -5230
-2206 -8915
4665 -636
-4093 -6421
-673 -3861
13417 2533
-4030 -6345
-1951 -6831
12063 1333
4204 -1056
-2912 -4427
12730 -1883
5485 -719
-468 -3588
8409 -774
-2385 -2312
-2713 -3832
4365 -591
117 -2941
1475 310
-3046 -4752
7672 -751
8825 -392
-2216 8101
-1842 4995
8726 -791
-3686 -5876
-324 1814
-222 -3290
12485 -1735
-2720 3215
6835 -727
7294 -681
3108 -320
13419 -2386
-1826 -6327
11299 -1218
9962 11
1411 347
-2267 -1396
-1552 -5506
1641 220
-3019 -4691
-3698 4993
4507 -996
-3087 4043
-2668 3066
906 668
7825 -600
-3721 -5928
-1285 3344
1874 107
-2950 -4527
8703 -424
-106 -3162
621 874
-1233 3229
-2211 7744
-2671 -3684
-1124 3012
2118 -1686
-2255 -1214
9785 -69
9245 -271
7076 -757
-2086 6188
8244 -766
798 -2408
-281 1761
-2213 7813
11469 -1275
-503 2044
-2240 694
2242 -45
9783 -887
10087 71
1293 417
5188 -890
1364 -2070
-1236 -4795
-1962 -6881
6444 -787
-1845 -6395
6340 -748
-2623 2922
-3825 -6077
9856 -898
1610 236
-2130 -7848
9744 -882
-12 1463
-2200 7444
10 1440
6789 -769
577 909
7067 -708
-871 -4148
6431 -746
-3513 4735
1911 90
-2434 -2606
-919 2663
107 -2950
-2373 1783
-1810 -6270
11588 961
-4370 -6715
-1772 -6144
1730 -1874
8629 -442
-2489 -2903
-28 1480
13275 -2269
3792 -1146
-2148 -8003
-2569 2717
9158 -821
-3998 5374
3762 -1153
3365 -1254
10198 125
689 822
-813 2496
9182 -290
-1490 -5345
2386 -1574
850 707
5911 -818
-3992 -6298
-2141 -7934
-1592 4139
4830 -941
10118 86
-1538 -5469
8507 -779
-429 -3539
4142 -553
12940 -2023
12996 -2062
-2177 -8338
1172 491
-2221 276
-2250 810
-2004 -7083
4919 -927
8674 -788
-1009 2810
-197 1665
-2229 504
454 -2662
11545 -1302
-2170 -8246
3669 -458
9321 -836
-2553 -3203
-2273 1028
-1868 -6481
4044 -535
-1474 3815
7316 -751
-2977 -4594
-2216 7923
8884 -801
-2202 -8789
-3074 -4813
-86 -3141
7213 -692
10446 -1003
1405 -2047
-1572 4081
10489 278
-1960 5499
6870 -765
-2203 -8815
13100 -2136
-555 2116
11397 828
-2931 -4478
299 1151
4346 -588
888 -2350
-1368 3542
-3750 -5970
-2691 -3755
-2195 7336
10753 -1071
-238 1711
2963 -280
2472 -126
-2212 8357
-2260 -1293
-2187 7197
11092 -1158
-3850 5191
44 -3010
2266 -1623
1765 -1856
2492 -1534
13311 -2298
-287 -3366
4996 -676
-3452 4647
-3041 3953
10890 -1105
2844 -1409
6039 -810
2894 -260
9448 -849
-356 -3449
2723 -208
-4363 5734
-2530 2553
-3819 5151
3978 -1104
-2011 -7120
6590 -740
-2371 -2225
-2350 1636
-3684 4974
-2845 -4242
12589 -1796
-2238 -858
10878 496
-2560 -3234
226 -2847
-1917 5302
8000 -756
-3233 -5130
-2243 734
-3639 4912
-2298 -1722
-2224 -473
1040 577
175 1272
2337 -1594
1036 -2259
-2024 5821
-1048 2876
-2458 -2741
-2708 -3815
-1189 3138
-632 -3805
-4267 -6613
-2445 -2668
7262 -752
-2340 -2026
3839 -494
-2311 1349
-2881 3610
11935 -1456
1982 59
5173 -892
3977 -522
4454 -605
2205 -1648
1245 446
10798 -1082
12331 -1648
-3673 4959
-1507 -5388
1982 -1750
-585 -3741
12435 -1706
-594 2171
5211 -887
10924 523
-2679 3098
9752 -83
2537 -148
2159 -1668
-2490 -2908
8266 -767
-4017 5396
-1056 -4459
1589 -1947
-2214 8256
13201 -2211
4037 -1091
-2943 3746
5834 -739
-2588 -3355
-2234 602
-1096 2961
11096 628
-1756 -6095
-3357 4507
-2579 -3318
5412 -714
-1321 3428
-1632 4257
4689 -964
-2499 -2952
-2332 1510
-3720 5022
4574 -984
-2320 -1891
-2069 -7443
10332 -981
-3380 4542
-3566 -5693
11726 -1370
7659 -627
-1157 3075
3001 -291
2413 -106
11356 800
-2753 -3962
1223 -2150
-2032 -7234
4103 -546
9291 -256
1633 -1924
8330 -770
-2178 7051
8172 -539
166 -2898
-1137 3036
12658 -1838
-2732 -3894
2661 -1472
1099 538
9411 -216
1543 272
5 -3048
9523 -175
6770 -731
12827 -1945
10155 104
-259 -3333
-2652 3018
1897 -1791
-2604 2851
-42 -3096
-3066 4002
6511 -743
7154 -699
-1158 -4645
-2200 -8742
-2520 -3052
1461 -2016
760 770
-1469 -5293
-207 -3273
3418 -1240
10975 -1127
-2406 1959
-2409 -2459
3061 -1339
13242 -2243
-768 -3993
-2223 362
1952 72
-386 1892
-1415 -5166
10064 -931
-511 -3643
-2647 -3593
1812 136
-2055 -7362
-554 -3699
1482 306
4460 -1005
-1744 4627
8077 -759
10011 -922
5062 -907
-781 -4012
-2433 2097
10682 -1054
-2817 3465
260 1189
9382 -842
10235 144
-3795 5120
5698 -835
-1857 5054
-1303 -4928
11448 863
5516 -721
-3329 4462
-1433 -5207
-2876 -4329
-2222 -392
-3612 -5765
-2196 7355
-1918 -6686
-1906 5255
8533 -465
-2310 1341
11036 -1143
-953 2718
2008 48
-2254 851
11997 1277
-1269 -4859
-94 1551
8603 -784
-2001 5703
8821 -797
-2249 -1104
-2039 5900
-2184 -8432
2756 -1439
11919 -1449
-900 -4194
-1886 -6554
-2731 3245
-2044 5928
5284 -878
8064 -559
-2756 3312
11034 589
-1926 5343
-2251 -1141
10614 346
11672 1021
960 631
3444 -406
8777 -405
564 -2577
-2217 1
12016 1293
-972 2749
-3544 4779
10566 -1028
372 -2727
-3206 -5080
12249 -1604
-913 -4215
6389 -790
7758 -611
3515 -423
7827 -753
-2398 -2392
-2244 746
-1981 -6971
10684 385
5191 -695
-2148 6679
-1891 5193
-2637 2969
1153 503
9059 -326
11121 644
-2222 322
10027 42
-1304 3388
10303 179
10264 -968
11964 -1469
11507 904
-2108 6332
-1617 -5684
5682 -731
-821 -4071
2601 -169
12274 -1617
173 -2892
-2891 -4370
2833 -242
12550 -1773
9637 -130
-367 1868
704 811
10627 -1041
-2239 680
2917 -1385
1078 -2234
-4205 -6546
403 -2702
-2221 -347
550 931
2350 -84
-1737 4602
-4253 5636
-2279 -1538
9523 -857
-3490 4702
-2016 -7147
10925 -1114
-2205 7562
-2513 2476
-2309 -1813
-2466 2258
12085 -1525
-974 -4316
11744 -1377
-393 1901
-2208 7650
-3762 5077
2718 -1452
-2361 1708
8928 -804
5525 -850
-2902 -4400
9596 -865
-1461 3781
2587 -1499
4434 -1010
-2213 8308
-1764 4700
-153 1616
7126 -702
-2215 7886
-1024 -4402
-2218 91
506 968
-2103 -7652
11772 -1388
1522 -1983
11633 993
8151 -762
-2975 3815
-2852 3545
9070 -814
9021 -337
3745 -1157
5363 -710
-1711 4513
5026 -912
-2233 -734
-654 2257
9675 -874
-1603 -5645
8550 -461
-2965 -4565
656 -2508
2068 -1709
3667 -1176
-2188 -8505
8374 -499
-2240 -907
-1580 4104
8297 -515
-1218 3197
847 -2376
-848 2550
2078 19
9899 -18
-1379 3570
-2124 6456
-1007 -4372
-1511 3913
-756 2409
-133 -3191
-3853 -6116
3629 -449
2061 26
-2762 -3991
-524 2073
3374 -389
3835 -1136
-737 -3949
7968 -755
-2333 -1980
997 606
-2903 3659
-467 1997
3220 -1293
1341 -2083
-2788 3393
2153 -11
-3000 3868
2538 -1517
-3403 -5428
4715 -643
-942 -4263
8941 -360
-1358 -5043
6262 -749
4357 -1025
8331 -508
-2219 -181
-3297 4409
-333 -3421
-1408 3644
-3556 4796
9209 -282
-2253 841
-1485 3844
1698 191
-4310 -6657
3683 -461
-3165 4182
-627 2218
-3199 4241
7021 -759
-1777 -6160
3518 -1214
-2632 -3534
-1987 -7000
-2389 1871
-2126 -7817
-3027 3924
10379 -990
-2781 -4052
-4254 -6599
-2219 179
827 -2389
2457 -1547
6536 -782
11152 664
6988 -715
5570 -846
11861 1165
3716 -1164
-2804 -4123
5990 -744
9846 -42
4273 -1042
-2833 3502
8240 -526
9632 -132
5065 -683
-3421 4602
3169 -1307
7591 -750
311 1140
-1326 -4976
-848 -4112
-1787 4785
11988 -1480
-1402 -5137
-2215 8193
-3897 -6176
-1970 -6918
-2229 -628
12700 -1864
-2761 3325
-2113 6366
9474 -193
-2066 6060
-1861 -6454
-2321 1428
-2218 -91
-3135 4129
2009 -1737
-3295 -5242
-3925 -6213
2797 -231
-716 -3920
7497 -749
985 -2290
9349 -237
-2982 -4606
3301 -1271
-2367 -2200
-69 1524
-4406 5771
7908 -586
12382 -1676
2698 -1459
4976 -919
-2047 -7317
-2011 5754
3082 -313
9998 28
-2081 -7514
-789 2459
1747 167
-2820 -4170
91 1356
2988 -1362
3460 -1229
11421 -1258
-399 -3502
6939 -762
-1373 -5075
3164 -335
10634 357
667 -2500
-3420 -5456
-1969 5543
10550 311
-1580 -5582
8501 -472
-2282 -1570
7678 -624
-3505 -5595
-3645 -5815
-1777 4748
-2601 -3408
5460 -857
5383 -866
-2505 -2981
9941 -911
-3796 -6036
-3104 4074
-2280 1089
-1711 -5960
4541 -618
-2421 2036
-1530 -5448
-667 2276
-3103 -4876
10206 -957
2847 -1408
-2993 -4632
4160 -1065
11875 -1430
-4065 5451
-1569 -5552
3244 -356
7272 -684
4718 -959
-2341 1575
342 1112
-2227 -567
11812 1127
-3539 -5650
10439 251
-4047 -6366
6681 -736
12793 -1923
-2079 6143
5759 -830
-424 1941
1697 -1891
7902 -754
9752 -883
-1126 -4584
1926 -1777
8985 -808
-2588 2790
10851 -1095
-2701 3161
11764 1090
509 -2619
218 1230
-3261 4348
10714 402
78 -2977
-1262 3293
-2173 6975
12692 -1859
-621 -3790
127 1319
13150 -2173
-1641 4285
-3957 5324
11159 -1176
11620 -1330
10779 439
-2112 -7714
4023 -531
4870 -662
817 730
-2474 -2826
7751 -752
-3259 -5177
-2246 -1045
-3155 -4982
-1101 2970
-2192 -8582
-2141 6610
-3616 4880
-2208 8545
-1349 3495
-1433 3708
11953 1240
13358 -2336
9574 -155
12881 -1982
-2272 -1463
3317 -375
7209 -753
-2097 6259
10114 -940
-2157 -8095
-1537 3984
325 -2765
1133 -2202
-1934 -6755
2125 0
5351 -709
-3871 -6141
3910 -1119
-1790 -6202
-3947 -6242
-1207 -4739
5116 -688
-2553 2654
-1688 -5892
-2248 789
-2498 2408
6138 -804
685 -2487
-2123 -7794
-1666 4363
-888 2613
9236 -828
-3123 -4919
-2202 7489
1832 -1823
7161 -754
10833 470
5121 -899
-3171 -5013
-2349 -2085
12206 -1583
-2378 1811
-1728 4570
11047 597
-1558 4042
12150 -1556
13396 -2367
7503 -651
-3759 -5983
-4263 5645
7416 -664
-314 -3398
-1942 5416
668 838
4608 -628
-1901 -6615
-2481 2329
8151 -543
-2184 7148
-104 1562
3114 -1323
10973 552
-2449 2176
10381 220
3592 -1195
-1037 2857
4204 -564
-3481 4689
-3459 -5520
-2372 1777
-172 -3234
2650 -185
-2095 -7601
-2217 8000
304 -2782
-1806 4857
-1986 5627
-2301 1267
-2162 -8152
3892 -505
1176 -2177
-634 2228
-2872 -4318
8026 -757
-2054 5987
-1655 -5795
-2266 -1382
2797 -1425
7405 -750
-3893 5245
-2230 -655
11226 712
-4166 -6503
-2197 -8680
12807 -1932
12168 1424
6185 -748
-3922 5281
-4169 5556
742 -2447
3768 -479
-1737 -6037
-1794 -6215
4637 -973
11564 944
12217 1467
-3400 -5423
-684 2301
1356 379
-2356 -2130
4778 -651
-3966 5335
-2155 6750
3671 -1175
7575 -640
4767 -951
5358 -869
2387 -97
2187 -24
8468 -777
404 1057
-2225 425
3921 -511
-2748 3291
11910 1204
6931 -720
5845 -823
-2220 -269
1288 -2113
5942 -816
11432 852
-2912 3679
-2393 1892
5769 -736
-2226 -536
-4310 5687
-2290 1176
-319 -3404
-1522 3943
-4074 5461
-3578 4827
-2210 8454
-2656 3031
-1073 2920
6632 -777
11277 -1211
379 1079
10668 376
9699 -105
-2243 -980
-1193 -4712
2198 -1651
8699 -425
925 -2327
-4115 -6446
-1093 -4525
8454 -482
8894 -373
-1688 4436
-1671 -5842
1222 460
-2052 -7345
-2549 2637
-253 1728
4931 -669
-2290 -1655
-3236 4305
12611 -1809
59 1389
-1822 4918
-2169 -8234
11345 -1233
11206 699
-4157 -6493
11278 747
-1914 -6669
-2134 6543
12114 1377
6126 -747
-2615 -3465
6730 -772
-3470 -5538
-2259 899
-4122 5510
-3310 4431
-2423 -2542
11210 -1190
