1000
-968093280 -77108841
-973844126 224058363
-220744035 813592927
636250867 -228733410
-810943418 -244620353
200967604 -327656462
-866801495 -194346626
916176483 500630846
-498200646 791124654
931230541 9006759
988721448 173172090
-996080665 12268718
338183703 -310393279
-683642752 -287163485
962311383 405906240
909639545 509843406
-718417788 -280882537
-532905915 785850117
747020501 -180162472
-563113958 -318358687
-910186537 549071040
-43837735 -359186208
-712201572 730829423
-662060794 -301672219
-975798722 206648989
-705681236 747111721
709927531 709700248
965709004 120563400
-151756754 816506909
-658597460 762970083
-996691195 24422058
-990418245 79717098
-964062017 322777440
-343370979 -356421262
-260542846 -364164711
-501849677 -332925834
-213112369 -368585285
-872945052 -192240409
-363275054 -352139169
-849933371 638832024
734761631 692653333
-831423557 651784371
-114104959 808277598
-942737520 431751801
977206794 207227526
694674619 717241330
842219193 -122363525
988384178 93665548
-660761907 -300937189
-973673264 232312058
-184493398 -374386814
-796433514 673783813
543725817 -265375785
767073969 -156612993
789576184 658373024
48797871 -345844081
997346215 127465366
-916250776 -134229194
-407343235 -347775902
854323731 -117669782
-906109573 -150740382
-205504224 -376880290
712111042 -196980632
-872904798 585471888
-152519259 820804593
868175728 -109532534
983721568 197552426
122317720 -340418825
-994301982 49208258
881364830 -100833489
822233339 622778185
-790529011 -254751698
-948352681 370292570
-705172004 724847090
735289722 694135334
-964931306 314078306
962264148 414715135
820145359 628630557
-355834909 -355226117
-973269676 -70059160
665470372 725781143
698113205 716601927
-926470480 -112383381
-281232091 824932284
-178245377 807668151
641233506 723586813
527637477 784436788
993462165 159565303
-839514080 -230991209
223364396 -325439057
909368564 507850791
-934613104 -99081814
-655153657 -303157187
-96172530 -364888524
-131794248 823188666
143706242 -337927240
-715792270 740470195
-459711070 -340432742
-125058797 802750038
-569895054 -315699534
-190903885 826883962
939551464 -1436165
-664308710 -300761131
942317395 -15462403
340978157 797897106
924528299 -75850902
-694195340 -285066655
999555466 112117964
-245283020 829809474
385350250 -300665821
205875592 -328291957
-526145299 786248330
-588403931 -311733155
-961498100 342068055
270009524 -318598554
-625574053 -308969066
-857507729 -215344467
-935557803 454605230
230540419 -322125861
-449695860 -339483162
-31509886 792927080
-484610299 792795299
-267087553 800385369
885580948 540929078
663612932 729279322
737207528 -187896738
-10477932 -341751611
-152509032 818531676
-964743402 314776570
-702944553 750462350
-961611375 342172753
966374768 45346064
-861726085 -208065530
934762907 463735484
-234794701 -367642444
937441221 40441839
-398124171 806422795
406676367 -294779814
497960963 771153381
-456325376 -336632737
157227441 802670285
-998280449 12341412
954680105 82161055
-629280670 -300863808
-154825495 -369765805
-265552359 -365234995
364315794 -306772524
-513835019 -330157971
687557796 719969162
-616183043 -308578830
764985463 675018981
-999019338 -39333451
-720098674 736196108
443813841 -288998359
-854192663 598656790
-844270369 644175757
-647099679 764830780
-284469251 823284231
-358465358 -355634492
821883494 620856398
975076169 276149079
975654679 248948070
-678646041 743734583
969128200 337494100
-204946238 826243692
-345914321 -357251709
-989077794 76150962
-994366277 20102908
844915216 594144755
-845034690 620136258
-699940158 -284464403
-952473693 377373976
-51448405 818967084
-826633217 -236728316
-708707862 -284205425
-975355319 216203726
-367973066 809613707
-997500455 22071831
-604148382 776907027
212206944 -325842388
-703881433 -286588222
976682957 288873043
690406877 719224979
-668320434 -299495093
825484154 616133382
-548185049 -321480529
272003893 -319047231
158666219 -334269533
331200152 793649604
-748814990 703039242
-693404177 -291181960
-849112594 -217444895
619706807 747421736
999999997 112828343
897554794 -48506062
-322572054 -361095671
-463194833 -340331392
-192082375 826013699
-404804460 -345716129
465124172 780404017
-850018155 -200296927
972206515 332569963
818543442 -134339305
-237457309 829381584
-798429089 676185126
608326290 751671898
-900593066 515864142
840062615 598855893
733606722 697956098
795416658 654291581
-929210017 445886862
-871939541 -193951716
-810509620 -243227517
-939981676 446111874
-62530620 -361619095
892204802 -94357955
-982705808 151121682
-781000462 -258563533
561706515 770663456
529455510 783929564
968684629 307078238
777724854 674232844
-764942569 -261186515
614958433 749537771
-766883341 685611753
-957714154 332315611
-209618118 -374739299
571516008 765646704
894432934 517016720
-252033628 812308821
278482181 -318998730
684840573 718826256
-814133661 659759951
944181775 446902541
-779445247 -256501957
935282297 31305707
285309359 792893465
-903072624 510387809
255876970 -319014021
103156270 -339415993
898002727 524423750
-682176518 -294349912
980608727 251039753
-660377359 -302265996
446046574 761268592
-996426451 -24040683
-1000000000 -38115053
-807882002 664913967
-996554158 25194985
-564550187 -320497143
-991472031 73577284
-187537129 -374965951
-334094443 813786201
291555534 -314236271
-965679699 308362720
791632859 -150857066
-701862302 751304714
680455013 -209691258
-507929209 -331681468
126334444 -337315222
692269055 -203669054
-993593141 50945468
-854421791 603961776
-995913977 -7781361
-470206895 800901074
743615366 692869515
-889168616 573271286
-822748780 645469882
-73267589 -361275239
758316937 686389021
-933738854 -114907930
-889302040 -157549065
276284103 -315583887
387213383 -296891241
-1000000000 -379204
773131406 679068535
-901069315 559825900
899814477 -87817150
-965764550 244693107
-925654051 520526198
-710753231 716934076
-547169812 792073625
-630129836 769675859
-419822975 -345125156
-933912514 467034381
-432683369 803293163
88738684 -344197187
862462033 568826349
-679546564 -294900528
-578189610 -316906267
-645980233 -304830043
-982038607 153200279
-911436436 -135149433
-930025571 -125517910
873192455 551780537
-704122108 727937974
-739358985 714173794
-908813914 545258124
142496827 797142482
758420891 679793838
-773584906 -264530147
-596616050 771879109
-850731194 -224673038
-241062926 -370978684
-987383260 100239318
408847575 -299029462
837725470 600161683
943704912 443152018
-699340568 -288861589
733372944 696499969
875596476 552919177
-889817046 -169351710
-902373804 554472222
554774533 772684883
-336028298 815232532
-965968090 304106599
558661358 -249667631
520121326 787670958
-998086524 -14031556
30250660 -350058690
-139211705 -368456922
925299618 2882855
974443391 284095616
838881998 601882414
156672009 804370935
948423388 24620157
-858135442 611869869
854972541 581770388
-783196350 673879459
-920234595 -125746673
-141001714 -357697987
528866790 746002896
-968651821 240766447
-969138545 276329120
-905653957 -149900540
-434251937 802344694
-851992688 601970843
-839175833 -231429534
-552100248 782787993
-247653821 818679568
780865387 -137884840
539048497 779831835
-253160728 -361587625
548805132 -263863324
59539062 804324222
893628586 -90240812
-563021355 781294914
-348267101 -348909712
611735605 -233997027
-904247472 -145658815
-993616622 45652692
-970695222 -62798720
417554281 -289932343
-982252529 144588095
-626281895 -307038723
-606302916 773312778
629273203 741415926
747020303 688341182
924910599 -71580981
-980936101 140900370
-995031493 23132987
171883133 -330342278
635921319 739164511
-997577560 18605317
-795447069 670647283
63227130 800569191
946404753 444939966
546882709 776849058
920350443 493440412
-829297941 -234929529
-977064776 195796820
-798941525 -248440208
-801398182 -246250488
809903984 642412903
-722587326 -280505384
261245897 783453454
-984298221 137658956
574026145 -249963706
356277955 -307703829
547169809 -264530147
832924492 -126722953
-880129735 -170960036
999319105 117111854
-780381988 -257114585
853012056 580444265
645874396 -220505629
-905109336 498532330
377980047 -304674353
-741951803 696687866
344130323 -305992472
521206414 -265115783
-980958883 158042851
-964261912 319733472
885559114 541630009
520553551 -269715166
134076943 -339694709
-306664310 -356695309
-364282128 -352565348
-407155620 806655437
-991318163 66784592
-991814392 72130286
628824814 741341682
-924528302 527922682
-999693216 -9456141
-974271757 -66258616
-856127546 628465337
933305214 7504158
-641170316 746617714
-953657559 -86684389
-317513061 -360165193
735849054 -189058449
-534068101 -326811284
-208121409 -377189490
-491138762 -330816225
746759904 689670358
995736748 135293720
-561757575 -318789301
263477285 -319291514
348247737 -308478095
-46041925 -358934634
-764921162 697868617
-907263699 548944554
-624631027 770757758
-61686317 809402514
-697922766 -284075590
951480183 189303251
88602345 808491634
-773352839 -263977380
192181145 -329934549
-19402739 794256524
-734007941 711750928
787211281 -154873349
-718365946 737960651
-798092464 -248240569
-854456083 -194166327
841033930 -120452199
-786753671 671881403
-583645572 777638767
490861431 -276824932
-352525387 812800954
-830254261 -228181723
936428334 459092375
466514645 -279378881
-216754251 819959322
-643375761 -299029664
471367205 756926521
-266387825 813440424
-744218099 715285703
795086719 653068737
476044379 -278339040
-576003587 -315763380
-892667782 -164681854
-806158071 -246443512
-803835397 -248920091
872816370 558771581
920494657 495446631
-222203673 -375358865
716921980 706897994
955445141 51990738
-202345457 -372445625
-962465979 285900131
769089483 680872260
848000645 -91960886
292863175 788486583
234420068 -323488228
836128917 604344938
542493366 -265592578
-191764782 -375865045
169437033 802706793
-959783515 307926843
-998987555 -3545722
250709251 -322294317
-277320039 -367755254
784787730 662253923
852271553 582138521
-747184469 707118433
-671847994 -297806282
474458851 792163114
965078099 62104420
-965984741 304797723
-967687569 286811344
545917504 -255821664
957813843 391305972
-266368197 826973613
885538805 539748436
769702876 -157684261
-960111840 -76159250
-738964574 -275911756
855604242 577603522
797794771 652236661
842787263 -73976552
-953360219 353274831
957509239 361595176
-989734261 -49331592
956566372 424862861
-870526900 593837206
-729039610 -277510452
920757622 -78099203
786733074 -142857282
701877267 -202184256
-791420810 670393315
791840716 -148889109
-194015717 826361954
-977483501 -60924375
-290306104 -354501790
-785010273 -252984854
-692803117 -291126396
518014300 788494285
676551352 724637297
-867455385 602505925
985978781 95903237
970081132 351004990
934771341 -212604
-849056604 -226794298
-991369563 61041947
962918475 173557656
-688409362 -291608170
-963185471 330645746
656798993 732614162
-406855945 -345222102
818421911 -132968243
-957630992 314250079
962275128 411949344
924528299 490186833
680248730 -209595863
369946969 784272537
-119424804 820821053
956098718 364683308
-698113208 754337776
-895425137 541671585
-651409997 762567667
968445812 312720578
-582193112 776556991
-776912248 -261620529
-837232353 649017969
327232169 -311516790
937993271 454514841
-784852794 673515675
-36133013 795906828
-502886673 797149245
-974116986 -44568365
-830375712 -209787039
956262089 338675540
772622063 679312373
967652193 87421286
-703851877 -284737768
485842226 -278694866
904002920 516336297
-585036818 779213250
-246235310 -357478478
-999879747 -30266088
-524032406 -329095680
-606379343 -308456042
922967485 483545601
580494233 -250356887
-837961344 -219429036
-698573849 753956546
-931758183 -107536530
271065726 770039527
778247183 -151017338
-231305682 804221691
-819634268 -231229068
-718079417 -280861800
897102988 524691296
-962264151 339243437
534520140 -267268790
-677523410 758695211
-583123291 781093770
957533050 64289583
-32438733 -356665214
337422790 -308510899
-941740769 -100876681
708303403 710830444
-888095401 577222475
513252322 790463269
971580438 162681191
-985508212 118261591
-869426774 591977645
-947159509 394624242
900847458 521211566
565208002 -248136231
-453320321 -338074884
-931161604 -120439497
-998140443 16037499
-966835083 295398445
633857179 -229187482
962857374 404544247
163824859 784260510
-887213814 -171116432
612287920 730705269
-911299603 547502012
-471698114 -340001845
-969842914 232349837
54997834 -347277335
-658397582 -294561297
-924441792 479149584
-953554193 377694680
507627429 781910088
-895140806 566800805
-611835386 -311481678
993436700 146688711
-924072194 -132535552
-972305291 203122752
534543430 -267188001
-665511517 -291923953
-685937361 -293318931
287035843 -316241141
880019464 -100181178
-26744819 809960399
-578738661 778778808
-186441519 -361327228
-753266528 -270252602
870491679 555913541
993414556 160047293
976165822 271436204
-858094022 623159938
308860582 -308622372
629827734 -230979325
140710506 787434884
-177922724 -365430640
637284801 730977467
-952662636 -90843960
-951250934 -91495431
154142791 -336595266
931952816 -41078750
704638925 709685240
540853485 779082027
964395459 390212188
936685287 463150038
781571772 661014941
956033347 8977030
-947809975 369234432
-272311507 -367128690
-803239985 664154859
-663669415 -300974227
706175607 -197944123
-186724204 -375254172
690185320 715813428
-922174435 -125464236
-169245292 -359188006
-817284813 657584297
-785723807 -253812991
-739053895 702820802
751077195 683862659
-576532489 -316347397
24999961 -349284789
-23417943 -357217697
846058516 594775369
-860306776 -198933795
-17532370 -354115021
-352398646 815904116
-849056604 641130229
-931745374 -103204375
-929762866 501002645
-989811493 72027700
396226413 -302265996
-996099609 31580502
-126180523 -368595321
-871918959 592785023
-393750551 810420822
949388128 219488170
926135416 -57651307
509433960 792073625
581409779 761284627
-446881903 -338874229
-991986497 66330364
-674237085 759949503
-699597911 -283106968
627795928 -231525710
-751147617 -271088435
-962283104 297911576
-893920497 -145646104
874200321 -104185610
-923956177 -132376313
379566940 -296367814
206417134 794638763
-314298617 820615550
-673043760 -291042719
-843060373 644431385
-973798095 227386600
994330652 145780694
167656525 -333687705
-151777423 818845704
140493037 799323120
967573001 279959130
-996484610 9018499
-875035831 584959062
452082414 -282590643
-571372782 784191833
875636261 554207669
707556740 710486128
840686416 601423168
-815135310 653683709
-948665413 399313980
-968974719 -70565122
736194760 696886942
-858847103 625483923
-699698589 -286903649
539532913 779729493
127934205 -337635397
257966237 -319567395
-944111264 396436227
-725404618 729755737
-817597990 659872513
-56014045 -359628165
476947941 762012123
448573838 -286933683
408104228 763048008
-993643113 41498437
773584903 678866078
644824098 -224044348
750782349 690018584
-709477003 745425021
-863620968 614384520
375421799 779665573
564603752 770005021
-872487160 -196749553
463631898 -280377464
-933016715 446039632
-982921889 -55723097
-656517288 761648071
-984353704 112457153
259409486 -319386772
-110757697 822027910
743314897 -182184830
-669420601 759334868
-881795543 -177632430
-946178495 377526465
-997193590 23118398
773967690 678420247
-843365920 -229179584
45074204 808029144
-716797953 719249298
823315904 -133304915
-327753391 818004416
-677793354 753929529
-526920977 794112561
470027072 -278748946
-669148209 -299026447
961335093 244247351
333414401 -303484697
729996099 697527782
968182894 344301734
893367067 530913763
464238394 -284495618
-995687571 11717368
-512812398 792992519
-998682751 -589798
731550520 697440618
877119575 -102187299
-843023346 614348550
-798323495 669667614
-12238484 -354565117
-783452317 -259335730
-991906712 66626658
-76147814 798151241
-810694924 -244209857
792328501 655049215
322299498 763992829
-999672956 -25223060
728108102 -191714215
-489944240 799028089
-981387557 154169931
964560691 385533440
-892328770 -164824830
967214355 284410341
611645884 -236460266
-601881133 769383731
823564043 623286046
-848694892 -226944871
94555511 792906627
-760979340 -265301878
369095662 788599003
992843349 149463030
-993283937 -29349166
-110407435 821468757
968664465 305654073
-235537897 829245673
-287360254 807089693
-972003679 243331500
-624984402 -308212665
191683956 -329786577
533435515 738817390
886277867 538479163
808233262 642416903
-238639796 -351389183
-91827355 -364284287
-204186693 -377331853
-528280253 -327581974
-798252842 -250114435
-564601931 787363735
809862505 642316998
957912105 63438502
-955151529 -87645760
-405750621 803202613
-718771893 -279930658
-867130483 611305961
-780188030 -255207684
893447495 529083259
-880321131 -181293382
778790413 662840622
-206551470 824952446
384807343 -300140911
959807972 393257111
-985213319 114437882
-658732088 -298219025
982057338 235828138
376331206 -299074659
-930961697 478294170
305538470 -314088501
608810434 -232158713
647949613 733636607
-827179412 654824704
-417833238 -345167055
-566131199 -320137170
516222542 789167160
834621826 604082894
679473478 -207714808
916055421 -80344793
644806042 -222980337
-700294141 752642514
804322001 641129895
536547558 -266493452
-873393153 -192268707
224991204 -323880049
-977762003 197617353
946400161 444054464
-593377901 775823296
292523333 -316059128
-278237074 825111203
746683715 686717372
921707997 491221939
-823658275 -236973393
779985817 -160994842
943266505 10826929
-587667675 -314285088
976378352 79706875
724998217 700725439
988982386 94939495
853372848 579431112
-205980897 824595850
-493036305 -331416269
866253508 560564455
-712183840 -283132388
-561829418 -319906312
938633884 451863156
-667682151 760863939
936052083 466170639
-633294759 762481911
-798942955 673942244
138222290 -338370032
173361414 -331009992
-628057947 760101578
848579463 -104551895
308334936 -314185964
-994715955 26702521
498471055 -276597147
733612201 697856988
-641973399 768227162
-828940248 650671310
539751343 779890434
-684512807 -293839936
863313434 566843141
722838360 -194252964
974487480 60164936
-286150462 823129288
66793155 802251320
-872303758 588516222
-807235398 -245889143
-346577386 -356177650
846738416 590477261
-732484078 -276802530
-963842089 -76066213
-817706629 -240684557
-973335177 -70379725
-375243356 -352551963
691502356 717676888
992519307 159913334
-853812732 -220140307
226634090 -325761835
-884481305 584266540
781052444 670265010
-657070787 -299419698
968470437 56767221
-613619815 774033271
877259096 552617006
-717226836 733528804
328329087 -306054196
921292448 489265013
23642929 -351888383
-696644789 750858091
-72844059 -362651549
332562239 -305912878
-239533124 828991422
-972679230 -66160532
209309920 -328811768
-533215603 -325169438
110739595 806111237
-950748622 371800855
-663030681 738307804
326272771 -311373206
-207547171 -377737694
775004971 675018583
-985362355 126682659
978984438 268558191
-390105395 810049085
191047083 -329779141
943836161 91412881
595411329 -242169589
709165944 -198325729
886258802 540537554
328933229 789488394
426905721 -289350984
-254050084 819013914
865782471 566882078
-243881586 -371917856
-678606023 758581772
419864697 -292592067
-309714048 796277145
-799826575 -246944827
606778649 750911794
-162533886 -372463981
621250992 -233647032
-991288620 -17368048
216977526 -324776853
779177279 -155046144
-314872940 -362123935
-226990727 816851394
672564641 724177178
468904220 -283969689
346298994 -309264587
-974349102 222113308
-743413218 -271483907
956638753 424021901
965495286 124061427
960077348 418532893
-775618243 -260417154
618855501 747221802
-761631338 -268183037
-858742024 -213738138
579268444 -250272701
132075470 -340001845
-157972594 -345531215
-931387722 438027678
776667192 -164025266
-755526433 -266528440
981901401 239017428
-938988179 435242243
-244213854 -372166503
959460183 148975256
729127235 697986474
445358039 -289244833
-557909815 -319526619
-867342605 603933049
960795876 382458321
-184542996 -340285746
811320752 641130229
685085919 720543800
-863213529 -178182515
-674959103 -291053652
984402964 126033660
176338043 -333048956
-933792678 -115643535
-447974280 804339322
969136276 312617168
987059996 197807180
713309709 707299672
-685090532 -287726634
-989146474 90785367
-808802102 -246752476
-869793180 587690068
-994718744 40960585
-927965267 -120119283
740141159 689006331
724840799 700204754
-756505900 -269055575
660382758 728655603
-772301092 -261923763
917457305 486443626
414934408 757175481
-72304338 -342471824
702605780 714213508
-998668621 -18484333
-895822954 560094476
-818696864 661202310
-343224423 815025750
-792793570 -252802211
-825526980 -236765117
-937806371 458300293
395197553 -301864136
956643288 140509912
350090100 -306949838
-796717631 680003049
174017894 -333779560
-967692039 288777539
-292366076 812818123
-928020352 506244323
-821845236 -240378972
-392484951 810927590
570861015 -249424923
