962
-121030326 164192864
-195872956 182875129
140748524 -7241051
93616974 -5934996
201849184 -17632706
-500000310 500000030
221383224 -23651916
-203538931 189178264
500000197 53
-159360201 137617484
-178496746 165839629
-128582731 -313281
-499999956 500000192
499999784 110
-155271681 -137562626
-225344371 203033804
40409429 -13487401
499999670 233
-65210671 -68966346
2136339 9510524
-225287586 -226374366
-128298806 -249996926
-131819476 -50397651
500000353 68
-128866656 23820344
161531834 -3379671
499999569 220
-499999998 -500000314
499999981 114
499999864 311
13550124 5649144
-130570206 47613259
-131251626 -45230216
499999671 -111
-500000481 -499999572
-128582731 12463344
227516004 -25639391
-130229496 -33930001
-128696301 19107189
500000044 30
-184288816 172142764
-129661646 -25071541
89925949 -5764641
-499999875 -499999511
-98429896 94688024
500000289 -454
-152602786 124443364
500000072 -252
-17624841 -35065701
-500000484 500000104
166472129 -10364226
-25461171 22173579
137000714 -6957126
103781489 -6218921
499999600 23
-499999964 499999576
-81053686 68794064
148584854 -4572156
-128412376 245736124
-500000305 500000160
67382304 -4231446
195148554 2809894
-500000361 499999663
168970669 -10761721
-177872111 -180832796
-175884636 -178277471
-115181471 -156131321
-107742636 -133133396
-57090416 -61811436
-164527636 -160106271
192820369 2242044
-128071666 226542794
-499999565 -500000256
-73501281 -77427311
-32332156 -43640236
500000241 -136
-499999819 -499999730
-500000302 -500000193
500000253 -96
6622354 7920544
-129320936 -18768406
144212409 -7524976
-130002356 -30693256
-5643206 -29103276
-241528096 -235289611
98897979 -6105351
500000159 20
-84233646 72939369
-500000042 500000248
500000328 62
86859559 -6786771
-500000044 500000406
-132728036 63740199
-113023641 -148749271
-499999846 -499999856
130924719 -5537501
-144539316 106442519
499999854 223
-106890861 -130975566
-96896701 -110589751
-500000296 -500000121
-114329696 -153178501
-130797346 49600734
211389064 -20471956
-110297961 121660899
-128525946 2128474
-132444111 61923079
-185708441 -190429461
-500000309 500000321
-60895011 -65048181
10597304 -22061936
66303389 -8831031
-499999512 500000201
-499999955 -499999746
-500000228 500000288
46258284 -1846476
499999712 347
-130626991 -38813511
-499999842 -500000194
244665074 19334329
5089159 -24333336
499999887 134
73855794 -7922471
-499999586 499999933
-7176401 13258334
-499999923 -500000089
-500000339 -500000399
111049969 -6275706
-499999910 500000442
-499999716 -500000270
-31821091 25751034
-126538471 200989544
-116544311 143807049
500000429 66
-233294271 -230973951
-113307566 131938984
-134999436 -69307056
-142892551 102013289
-58396471 -62890351
500000466 -61
100999024 -6162136
-499999871 -500000388
155910119 -8831031
46542209 -12238131
-41531326 32054169
134672529 -5367146
500000426 321
-500000089 -499999589
-500000249 500000037
-194282976 -200423621
-54648661 42218684
-111944726 127112259
-174748936 -176744276
155285484 -4117876
-149366041 117685949
-47153041 -53918321
-53342606 41139769
191571099 -15077381
-500000160 -499999768
500000020 497
-118418216 -167829031
53072484 -2755036
-165209056 147498074
-19555531 19050404
-162767301 -156358461
-499999646 -499999644
119681289 -5934996
-127730956 216946129
-156066671 131314349
-102972696 103432914
500000011 -329
-499999840 -500000095
74707569 -4799296
-126879181 -217402336
-148400696 115528119
-186446646 174243809
500000439 -402
-161461246 -153405641
-88833231 79242504
18206494 4172734
-134885866 74415779
-137214051 -78335871
-153624916 126544409
13834049 -20869451
-171285051 156583674
-500000478 500000044
-499999832 499999901
499999608 -178
29222784 -16099511
500000404 354
-500000184 500000208
79875004 -7297836
-500000052 499999792
499999612 1
-499999557 500000232
155058344 -8717461
-209558141 193777849
-190364811 177991619
-130854131 -41255266
-154192766 -134212311
-99735951 97186564
147562724 -7865686
-499999624 -500000208
-153681701 126657979
-499999944 500000440
137966059 -5196791
208436244 6387349
235693044 -28478641
-221028711 -223535116
-212340606 -216948056
-116998591 145680954
500000396 121
-171341836 -171917551
106677524 -6218921
500000324 -469
-27391861 23252494
144837044 -7581761
-499999690 499999803
42794399 -1335411
150685899 -8206396
-183948106 -188328416
500000179 -196
-500000387 -500000202
-500000266 -499999955
-499999942 500000030
29109214 1390269
-125289201 190030039
226777799 12236204
36207339 -142926
-130286281 44830794
-986836 10703009
82657469 -5367146
-73841991 60049174
-107004431 112291374
152048739 -4345016
-499999772 -500000246
-128355591 249994999
-500000102 -500000103
-102915911 103319344
-499999847 500000062
-120235336 160331484
-500000061 500000424
-500000096 500000375
-218189461 199115639
-499999626 -500000043
-138236181 -82083681
-196384021 -202638236
171298854 -11159216
-134147661 -65616031
70959759 -4515371
-500000435 499999876
-108764766 117061314
-500000228 -500000221
-96272066 -109510836
499999862 -459
499999878 296
-126595256 -213938451
206335199 5762714
-101382716 -118937146
-499999507 499999938
-140110086 -88273246
183791554 197784
-139144741 -85093286
-5699991 12633699
-500000411 499999512
-500000437 -499999636
-105584806 -127909176
-196951871 183783689
36491264 -199711
-141189001 97186564
-66119231 -69818121
-129832001 -28024361
500000056 227
-212567746 195765324
-131933046 58402409
-132614466 -56303291
499999826 -392
-120348906 -175551791
-200075046 -206215691
-234316401 207519819
-111320091 -143354696
-219098021 -222115491
500000417 276
499999608 -182
-499999904 -500000357
166131419 -2755036
173286329 -11499926
-500000327 -499999706
-500000091 500000399
-500000430 -500000332
499999926 157
-119497131 156810814
-3144666 11554784
-137043696 83558164
-162369806 143012059
-169297576 -168737591
-38805646 30123479
-157883791 134835019
235465904 15529734
10540519 6614489
-128412376 239035494
-195134751 182250494
-499999665 -499999990
-127617386 214163664
-500000105 499999676
-499999667 500000124
77546819 -7524976
-193033706 -199003996
32402744 652064
-124721351 -198095436
19910044 -18768406
-97918831 93779464
155853334 -4061091
-499999769 500000499
-190478381 -196051176
145007399 -4799296
-138292966 88044179
-128355591 236707309
-93148891 85602424
1114209 -26036886
-120519261 161694324
-499999896 499999937
-499999516 500000196
-176849981 -179526741
-500000041 499999657
-499999806 -500000414
-176566056 163625014
-101155576 99912244
-499999999 500000345
-22281211 -37621026
-105414451 108713919
-121030326 -178447826
119056654 -6389276
-159928051 -149828186
-499999601 -499999794
-500000335 500000440
499999905 89
500000241 368
499999723 141
231490954 -27002231
-71229881 57266709
-127958096 -235459966
-34376416 -44946291
-500000298 -499999591
-223356896 201954889
499999635 44
-236133521 -232507146
214114744 8090899
-207741021 192471794
-129491291 -22061936
-500000209 -500000377
-91729266 -101844861
500000192 -164
-96101711 90599504
128028684 -5651071
-499999795 500000063
22238229 -18030201
-500000462 500000021
24679984 -17348781
-59248246 46136849
-71911301 -75666976
-129604861 36483399
-143914681 104795754
-104733031 -125978486
86802774 -5594286
208606599 -19620181
-499999826 -500000240
-188263766 176004144
-499999636 499999784
-500000124 499999525
-156066671 -139890811
500000101 -79
-199052916 185544024
225074249 -24844401
185892599 -13884896
499999518 409
-500000039 -500000368
-35171406 -45457356
-499999775 -499999859
-112058296 -145626096
-499999543 500000400
-500000401 -500000186
-499999541 499999788
-214612006 -218708391
-82927591 71235819
-125686696 -205307131
130186514 -6616416
-22054071 20356459
117182749 -5991781
-131251626 53178189
-114272911 135402869
500000328 68
-127390246 210926919
-499999693 499999990
-160609471 -151474951
-499999983 -500000355
126325134 -6502846
177204494 -1051486
55514239 -3038961
-500000256 -499999942
-500000344 -499999797
94355179 -6446061
-136135136 79810354
-11321706 15075454
500000483 354
-500000013 500000045
-499999994 -500000138
-499999937 499999606
-128185236 -243637006
-500000149 500000230
-138406536 -82651531
-104108396 105874669
107358944 -6162136
-499999650 -500000046
23090004 2809894
-200358971 186622939
-499999668 499999644
-499999806 -499999916
-201778596 -207862456
-121598176 -181116721
-42269531 -50340866
179759819 -597206
500000396 -498
-157259156 -143127556
-499999625 499999569
-62882486 49316809
-129775216 38811584
-500000382 -500000271
57501714 -3266101
-15296656 16949359
500000028 -221
-169922211 154596199
-160779826 140229594
499999624 -92
-499999646 -500000128
-54819016 -59937531
500000183 28
-205980686 191108954
-201892166 187872209
-500000093 500000239
62498794 -9398881
-499999803 -499999911
-499999559 -500000269
-93319246 85886349
-499999752 -499999637
-44086651 -51646921
201565259 4456659
-500000224 -500000303
-500000464 -499999568
-129320936 32565234
-499999736 500000095
-499999992 499999645
237623734 16381509
-133011961 -58858616
-168729726 152835864
95831589 -6389276
-500000427 -499999689
65394829 -4061091
69426564 -8433536
-243856281 -236425311
-85880411 75097199
-120064981 -174359306
-70207751 -73906641
-127844526 219955734
500000339 379
-107912991 114619559
82316759 -7070696
-133239101 66522664
-128469161 4627014
188447924 1219914
164882149 -2925391
44327594 -1562551
-90423211 81570689
-108764766 -135915861
499999636 462
-128242021 -246135546
-500000004 500000202
-499999919 -499999567
-180768146 168394954
499999924 -114
-140223656 94347314
-86561831 -93894961
-90650351 -100141311
-500000283 -499999776
42056194 -1221841
500000329 147
-115919676 141422079
-499999787 -500000459
-129150581 -15304521
-121541391 166861759
-500000016 -499999744
52277494 -11159216
-245275906 212232974
-118475001 152040874
239156929 17006144
-127163106 -221206931
-499999560 -499999593
500000019 105
-11094566 -31715386
241769039 -30806826
-27335076 -40517061
-499999873 499999660
-50730496 -56644001
205937704 -18825191
163860019 -9966731
-500000454 -500000213
-122166026 -183899186
499999516 200
-499999684 499999616
-37329236 29158134
-152432431 -128533811
500000275 -51
215704724 -21834796
-499999733 -499999923
-500000342 499999624
-500000404 499999753
499999913 189
-500000417 500000140
-163846216 -158686646
-126765611 203431299
-87072896 76743964
188107214 -14339176
157840809 -3833951
-94909226 -107182651
-499999947 -500000272
-500000475 -499999684
-39884561 30861684
-499999773 500000021
-499999839 -499999666
32857024 -15190951
-49367656 37959809
-216769836 -220355156
-100417371 98492619
244778644 -31999311
-228183621 204566999
500000009 -39
499999860 453
499999569 -105
500000016 288
-137838686 -80664056
-108140131 -134212311
229560264 13258334
-13990601 -33191796
43930099 -12749196
-500000359 500000470
-499999722 -499999775
4180599 8772319
-499999550 499999863
-97123841 -110987246
-153397776 -131656986
-500000392 500000018
-110241176 -140174736
232683439 14450819
-122109241 169871364
-499999654 499999805
33708799 368139
-189058756 -194404411
-94738871 88271319
-172875031 158855074
-118758926 153346929
-61406076 48010754
-127730956 -230008606
20080399 3604884
25872469 2128474
-120973541 163908939
500000421 -471
-128639516 16040799
-114556836 136424999
230014544 -26491166
-192352286 179808739
-220971926 200648834
197363169 -16440221
-123642436 178502684
-123869576 -192928001
-126311331 -211212771
-101950566 101445439
-187184851 -192189796
-75659111 -79869066
-125062061 188269704
-499999948 -500000330
-83552226 -89749656
-499999819 499999860
-119269991 -171122561
-130399851 -36258186
-8425671 -30409331
-128525946 8715534
3612749 -24957971
-499999953 499999905
-192976921 180376589
-129207366 30804899
-129037011 27681724
500000114 -47
-74012346 -77995161
500000356 7
500000118 -301
-129093796 28817424
122747679 -6446061
-163732646 145169889
61079169 -9626021
-128980226 -11783851
-499999527 -499999674
-499999524 -499999524
-47266611 36313044
-499999739 -500000370
-166515111 -163967651
500000310 -18
-173953946 -175665361
499999644 459
-132841606 64364834
-135794426 -72657371
70846189 -8263181
-154590261 -135461581
500000439 243
-24779751 -39040651
167778184 -2527896
-146015726 110076759
-168218661 -166920471
141997794 -4969651
-499999599 -499999637
-230909301 -229667896
241598684 18028274
-499999576 499999878
48586469 -11840636
218373619 -22686571
16219019 4797369
-134431586 72314734
-30003971 -42163826
-500000093 499999544
238134799 -29387201
-500000175 500000463
-499999969 499999563
186687589 822419
-130343066 45398644
-238064211 209166584
-123244941 -189350546
239327284 -29841481
-93035321 -104002691
-238632061 -233813201
500000401 120
-165436196 -161980176
21159314 -18370911
-172193611 157889729
-139144741 90996999
-79804416 67204084
-75261616 -79414786
-228467546 -228305056
500000055 474
-98429896 -113315431
-500000059 499999790
-141643281 98492619
-499999751 499999858
136035369 -6900341
-499999567 499999810
-122847446 -187249501
-127901311 -233813201
176806999 -12124561
-499999601 -500000141
-500000018 -500000047
500000115 -294
-499999867 499999901
-128696301 -4572156
-499999503 500000044
-499999744 499999600
-128469161 241420464
153184439 -8490321
-499999507 -500000214
-58396471 45398644
-500000105 499999608
-96953486 92075914
-207002816 -212518826
-161404461 141365294
-499999726 -500000319
-500000408 -499999607
-88435736 -96734211
39955149 -881131
-499999845 -500000086
90323444 -6616416
-217508041 198718144
-44824856 34495924
214455454 -21437301
-172193611 -173223606
500000239 366
-24098331 21435374
52902129 -11045646
-500000277 500000348
-77589801 -82083681
-63961401 50282154
-500000301 -499999897
-499999599 -500000053
-142608626 101218299
154604064 -8660676
-109559756 119389499
179475894 -12635626
-124210286 -194915476
14629039 -20585526
-500000484 499999647
-500000246 -500000039
-110865811 123478019
-52377261 -57950056
500000120 90
-499999732 499999546
499999715 295
-500000043 -500000211
-500000441 499999773
-56749706 43979019
-29720046 24558549
211672989 7352694
-123074586 175152369
499999509 -378
499999751 35
-199393626 185827949
-127958096 223078909
499999683 340
220985729 10248729
500000236 -222
-499999671 -499999856
-208763151 -214052021
63577709 -3890736
-500000487 500000206
-128809871 -7922471
-128185236 230460959
-159076276 -147727141
114116359 -6048566
-174805721 161467184
-211545616 195140689
-3031096 -27910791
-91615696 83331024
-499999678 -500000253
-500000221 -500000207
-42837381 33019514
500000116 385
-156634521 -141537576
-127844526 -232450361
499999940 -434
-125402771 -202865376
-248399081 213539029
-240960246 210415854
499999984 316
-79066211 -83844016
500000442 459
-499999842 -500000279
-109162261 -137051561
-76794811 63513059
-132046616 -52157986
-500000390 -499999658
-116828236 -161980176
-136419061 -75212696
500000099 -288
-66289586 52383199
-52093336 -57722916
11619434 -21664441
-179348521 166804974
96967289 -6048566
-170717201 -170952206
499999771 312
499999558 -438
-138179396 87646684
-499999657 500000148
-89514651 -98380976
-209501356 -214676656
37570179 -14112036
-499999808 499999978
-499999780 499999957
-99963091 -116154681
-36931741 -46649841
-106039086 110076759
-144993596 107635004
-500000274 -500000408
55116744 -10648151
-500000243 -500000386
-103483761 -123252806
-181279211 -185091671
-500000332 499999865
-223300111 -225068311
-167423671 150905174
78568949 -5083221
-500000084 500000336
-122563521 172313119
-12287051 15529734
-500000039 499999519
-499999682 499999917
-500000109 -499999721
-163391936 -157721301
102305079 -6275706
198271729 3604884
500000039 -358
-68560986 54484244
-500000022 -499999597
-229376106 205191634
-116146816 142273854
-113818631 -151418166
-500000213 -500000086
-500000064 500000297
-247433736 -238128861
-68163491 -71805596
499999749 151
-125913836 -207408176
-499999929 499999770
-111660801 126146914
-79917986 -84922931
-133806951 69305129
-204788201 -210588136
64372699 -9114956
-499999512 500000179
219395749 9737664
133480044 -5423931
-112796501 130121864
125019079 -5764641
-127049536 206781614
177999484 -12351701
190151474 1617409
-235736026 208144454
-97180626 92473409
-499999994 499999567
200827054 -17348781
60227394 -3550026
-125459556 -203319656
-118134291 -166750116
-124607781 184919389
34560574 -14793456
194239994 -15702016
499999604 -122
-500000007 500000479
-499999542 -500000303
499999890 55
204404509 -18370911
-500000407 -499999534
-126140976 197241734
500000495 388
-499999644 499999838
499999933 394
500000496 -246
-10186006 14564389
-500000290 -500000200
500000477 167
-15978076 -34213926
-500000202 500000493
500000213 314
-51241561 39436219
-108083346 115073839
-500000443 -500000375
-73103786 59254184
-129832001 39549789
500000424 268
-226820781 -227339711
-499999560 -499999895
182712639 -13260261
-500000174 499999709
17070794 -19733751
500000228 -133
-499999602 500000476
49381459 -2300756
-500000090 499999588
-198257926 -204455356
-127106321 207463034
-646126 -26831876
-48572666 -54997236
-72252011 58345624
-125743481 193721064
-117736796 148747344
499999829 451
-131535551 -47899111
-500000164 500000225
-499999745 -500000257
-34717126 27511369
-38521721 -47728756
-82586881 -88443601
-115181471 138696399
499999622 407
-500000408 -499999610
-499999789 -500000384
-80826546 -86115416
-499999681 -499999690
500000272 94
-203595716 -209509221
-125175631 -201105041
-133863736 -64082836
-500000038 500000355
-146810716 111950664
-499999624 -500000374
-500000198 -499999942
-86675401 -94065316
-31423596 25523894
-103824471 -123991011
-85255776 -92077841
-124210286 182080139
-500000159 -500000425
-136986911 83331024
-75829466 62377359
58069564 -10137086
234727699 -28137931
-242834151 211210844
-147208211 112859224
-167821166 -166239051
499999633 452
-132216971 -53464041
500000015 54
7928409 7466264
-499999992 -499999930
-39827776 -48637316
500000084 34
-133295886 -60618951
499999948 81
-500000394 499999770
-127390246 -224330106
500000296 -386
-499999577 499999781
-157032016 133188254
204915574 5365219
-231931431 206440904
-162653731 143466339
-499999628 499999704
23657854 -17632706
223654624 11157289
-31707521 -43242741
-104449106 -125353851
-499999597 -500000379
30074559 -15872371
-499999611 500000118
-500000492 500000335
222973204 -24162981
-500000075 -500000046
169822444 -2243971
-500000142 -500000448
26326749 -16894501
-179405306 -182763486
-134601941 -67603506
-499999724 499999816
-182074201 -186057016
-63450336 -67319581
-500000321 -500000154
-154987756 129213304
-128242021 232448434
-500000103 -500000158
499999757 384
216499714 8829104
-500000442 -499999646
-120859971 -177709621
-117566441 -164649071
-192295501 -198152221
-19612316 -36144616
-151637441 122455889
128766889 -6559631
-127503816 -226090441
-130570206 -38188876
-499999971 499999628
500000473 -205
-499999869 499999621
-128071666 -239378131
7644484 -23254421
-34262846 27227444
-499999697 500000105
-130002356 41650834
-500000016 500000211
499999889 -427
-499999957 -499999782
-131478766 54938524
-17340916 17914704
-94341376 -106217306
110766044 -6105351
-150444956 119957349
499999905 -172
