997
395 500003716
4072 -500004778
499996004 333337794
-500004409 -3591
-3153 499997226
-500000081 1990
-499997209 333335726
1918 500000293
-500001940 741
-500004910 333338117
-787 500004308
-499997413 2767
-500004232 333336772
-499997005 3471
-499997551 333329609
499997259 333333300
-545 -499996641
-499998604 333336848
-499998908 333337245
-2549 -500004886
499997629 333335728
499996720 333333891
-499999401 333338042
-630 500003909
-499999089 333333011
-499997488 333334031
-500003488 333329129
-4410 -499995212
-4390 -499997539
-499997563 414
3475 -499999059
-2141 500000816
-4115 -499999659
-499997348 -468
-4262 -500002051
499998813 333333459
500002544 333329003
-500003418 333338142
500003476 333328759
-3924 500001284
499996618 333337119
4931 -499995953
-499999144 3752
499995445 333331491
-499997868 154
-499996218 4699
-499998566 333335928
-500004783 1696
-500002628 4625
-3375 -499999322
499995675 333329741
-3827 499996479
-500002129 720
-499997832 -493
-1882 499998856
-4323 500002495
-500004065 -4898
-499999079 333329830
500001982 333328686
499998502 333329586
-794 -499995452
-500001190 -1123
-499997420 333331527
-500001130 333336596
-499997875 2942
-2598 -499998914
499995502 333335928
500002271 333338179
-500000072 333336728
2737 499996506
499999532 333331289
500000360 333337265
500000211 333337095
-499998295 -3014
-499998736 -2855
499996997 333336066
-499998523 333329962
-139 -500003413
-3508 -499996863
-499995687 2637
499997356 333335524
-500000423 333335380
-4942 499997023
-500003273 4563
4286 -500002911
500003050 333334766
-499996158 333337339
-4127 499997564
-500000446 -1664
-500002254 -529
-192 -500004232
-500000880 333330761
303 -499996915
-500004439 333331428
-500000448 333331645
-499995337 -3403
-499996912 333335072
3460 499997237
-500003967 -1029
-3444 -499997279
-500000865 -4194
500002076 333329037
499999448 333329910
-500000161 333333685
2942 -499997954
3398 500003763
808 -499997907
3733 500003712
-500001217 333337539
-499995952 333337586
-500000912 -616
-500000978 333335140
3418 500001079
1044 499999199
-499999161 4694
499999888 333328403
4383 -499996523
-500002530 -1196
4480 -499996285
-499995891 -3900
500001601 333334776
-2498 500002800
500001468 333330689
500001217 333334366
-500003866 4520
-499996993 333337795
-500002635 333334012
-1162 500003657
499996893 333334752
2159 -499996010
499998698 333331392
-3428 499998826
-499995861 -2799
-499995706 -1652
499997555 333336977
499995940 333331677
-499998439 333335902
500002510 333331597
3229 -499995654
-499998813 333332025
-499996731 482
-4360 499998024
499995577 333338131
-499999528 -3827
418 -500003471
-1121 500001547
499999274 333334730
-500001126 555
-499996125 -2007
-499995691 333334540
500000276 333328798
3348 499998614
500000437 333333717
-500004624 333331170
-3687 500001216
-499995457 333334811
-3970 500001864
3049 -500004744
500002537 333338056
499996382 333338143
4742 500004126
4419 -500003149
-499998197 333336426
-499999454 -3908
-500002108 333333176
-500003056 -28
500002256 333329950
-4989 -499999888
-500000805 -1167
-499999898 333334351
-1132 500001529
500003667 333333880
4809 499996159
2862 499999063
-499999827 -35
-500000166 3808
-499995944 333334736
3454 500004437
500002990 333332768
-1121 500001482
-499998036 1943
499997933 333335865
-3603 500004508
-499996599 333333989
-3741 499996221
1928 500002098
2080 -499995287
509 -499998413
-500000221 1204
-499996604 -243
-973 499996971
-499999501 3407
499997549 333331625
1450 -499996482
500004640 333330559
499997731 333336105
-499995465 333336987
516 500003891
-4335 -499997467
-3917 499998994
-500004066 333328404
1418 -500001418
-500002299 333336453
-4722 -500002407
-499999793 333329868
-500003096 4992
-2857 499997498
385 499995442
-500004397 333329103
-4853 -499995117
4159 500003218
-499997871 333337650
-1507 -500001282
-3281 500004253
-499998286 -2305
-500001696 -3733
-1693 -499997390
499998442 333336300
500003757 333334106
431 500004788
500001921 333329930
-500001477 3869
-500000303 623
-500000466 -3246
2489 499998824
-500003498 2981
-500000771 3143
-499996343 333333546
-2937 499995403
950 500003197
-500002143 333337248
-499999459 -3370
-499999666 4615
-499998032 333335030
-3744 500000402
-1199 499999094
499999087 333335726
3376 499999661
-4271 -500002079
-500000365 333332344
-500002421 -3549
-4288 -500001000
499996427 333336187
500004309 333335247
-404 -500002548
-2975 499999641
1633 500001319
-499999615 1204
3028 -499998094
-499998090 -3045
-500000347 333329886
499996186 333334899
-4297 -499999000
500004852 333330107
-1364 500002964
1624 500002517
-500003892 -722
-4811 -499997881
3764 -500003773
-4790 499998607
-3394 -499997314
2800 500001814
-500000036 -2124
499999173 333335122
-499998314 333328800
-499998742 333330816
499999550 333332490
2674 500004297
3281 -500003426
500001667 333335839
-499995743 3191
-500000835 333334179
-2730 -499999451
500003802 333337022
-500001728 3585
-4565 -499997154
-499995619 -4866
-4078 -500002378
-499999422 -3594
-499996711 4546
4986 500003167
-499995998 333338278
-500000370 333334833
-1318 500004969
-500001133 333333235
499997054 333334642
3136 500002511
-1747 499998445
-500003102 3856
-499996590 333335644
-499996486 31
-1361 500000172
2641 -499996166
-500001243 684
2004 -500001304
-1027 499996821
500004444 333336086
-499996962 -2581
-500003591 333336951
-500002176 333329281
2570 -500002637
-500002411 -1634
4219 -500001695
500001107 333337937
499996144 333334529
-499995274 333329781
-468 -499997363
-499998035 333332849
-1570 500000762
-3598 499999299
499997946 333335316
499999272 333333135
-500004590 333336285
-1625 500001051
-500001616 4716
4715 -500003046
-3941 499999722
499999463 333328636
-499999290 1497
2467 500004971
3839 499995980
499996611 333330041
-499997872 333329417
-3432 -500003022
4532 -499996482
-3777 500000610
-499996543 -2742
-1056 499997612
4264 -500003443
499996052 333332897
-499999379 333332824
-500001652 -1995
4115 -499998701
500001863 333337462
-3469 499997927
-3503 499997769
-499995202 333337882
2539 -499998072
-1046 -499995739
-1041 500000768
932 -500000514
-4617 -500004603
4696 -500003288
500002514 333328665
500004601 333329318
-499998852 333335956
2637 499999406
-3652 -500004784
500004165 333331356
634 500004889
4751 -499996725
1375 -499999917
500002600 333329390
-499999962 333333768
1948 500001137
-499998640 333331516
4056 499996393
500000710 333330189
3539 499999938
400 -500002825
-499997460 333328719
500004104 333328421
-500000450 4638
3908 -500000600
-499995522 -196
-130 -499998814
500004512 333338123
-499995625 333332994
-4150 -500004678
-500004249 333334753
500001780 333337380
-1828 -500004692
3921 499999517
-2659 499997851
-499997056 333334790
-385 500001011
499999120 333332439
-3150 -500000510
-500001220 -4716
-500003190 333332706
-499999887 1212
500001139 333336800
1620 -499999053
-500002792 -385
-500003861 333332898
-499999892 -2992
-3364 -499999365
2306 -499995123
499997233 333336958
-500002973 333329352
2976 -500004718
499997633 333336973
-499996555 -4667
-499997069 3058
1502 500001812
2993 -500003260
-500002714 3497
499997817 333329452
500004272 333329789
2788 -499995770
-499995736 3011
-499999265 -2619
-794 499999707
114 499998823
2744 499998881
-987 -500000716
-96 499999888
-500002740 333332605
-499998162 333328805
-500000085 333335120
-2623 499999572
-500000770 333329275
-3680 499995699
-500000023 -4434
4158 -499997167
2751 500004585
-499996384 333333780
-500000326 2841
-499995172 -806
-500000636 333337271
1221 499998310
-500002192 -580
-514 -500002270
-499997073 3694
726 499999251
500002666 333329827
-499995849 -4590
-755 500001106
-500003934 -4705
-3505 -500003257
1616 500000533
2324 -500003285
499995687 333332745
-499995520 1915
-499998614 1016
-500002303 333337804
3349 500004009
4095 500001012
3020 500000377
133 -499999487
-499997191 333338059
499999358 333334333
-500002317 333338299
-4205 -499996964
-499997512 -1100
-4931 500001118
-335 -500002825
875 499996701
-500001090 333335257
-499997851 1831
-499999707 333334026
-500004275 2058
4997 -500000375
-500003549 -3508
2857 500001650
1487 -500004575
-4248 500002243
-499997369 333332174
-4420 -499996413
500003526 333332599
499999773 333333575
-500002607 -1881
500001828 333331326
4101 -500001179
-2860 499995787
-2966 -500004642
500000327 333331024
-4698 499998588
-500001771 333335137
499997161 333330325
-500000358 333328916
3090 -499995258
2070 -499995755
500001153 333330129
499996717 333334012
-1188 -499996942
499997279 333329657
-499999322 333335890
500001611 333334081
202 -499998193
-2286 -499999033
-801 500003035
-500001143 -3231
-79 -499999493
-499998781 4890
-500003260 333332184
-500002331 877
-499995064 333335517
-500001971 4315
499999601 333332811
500004359 333337936
-499996573 333333160
-499999320 333330414
4355 -500000986
-500004971 333329577
-4089 500002096
499998350 333332065
-2761 -499996369
-499998686 333332121
-500004424 -689
2748 -499995709
500000442 333328543
-500004740 333334040
499997770 333335543
-500002930 333329442
-499998786 -3485
-3728 -500001917
-500004400 -3284
-500000260 1220
-500002431 333338107
-1038 -499998831
-500000198 -3828
-499997987 333336317
499997918 333330258
-499999544 333328772
499999770 333336037
499997254 333333755
-499998699 333330485
-500000359 333334144
2122 499998161
-1888 -500000328
500003215 333331004
1160 500004944
-500001634 -3221
-1147 -499995536
-475 -499997023
-1731 -499999721
-786 -500001585
499999499 333334684
-500004885 -2399
-499997190 333334030
-3620 499998570
-500002331 -918
499997337 333333788
500004616 333329833
-499996444 -4080
499995934 333337140
-2102 500004735
539 -499997975
-500000944 333334539
-499995018 -4777
4707 -499998553
1730 500003335
-500001688 -308
499999433 333336528
-412 -499998632
499997017 333329270
500003418 333336418
-500000265 2591
4760 -500000245
500001911 333336066
2049 500000952
499999349 333335020
1581 -500002401
500002604 333328777
-499998818 -3353
-2126 499996703
500004258 333330306
500002066 333328545
-500003627 333328834
-3214 -500002813
-499997158 333331308
-499996528 218
500001997 333332915
-1694 500000651
-1831 499996971
-4635 499999545
499999725 333330240
-500003513 1871
-499998045 333329194
-499995505 -2087
-1275 499998766
-499999606 3731
-500000002 -93
499998402 333333843
500003852 333333331
-499997100 106
-499995193 333335898
1859 500004143
-500004402 4127
-500002572 333330822
-4954 499999565
688 -500002602
-499997054 333333444
500002667 333331891
1999 -500003523
500002323 333337580
-500003585 2323
1441 499995657
2242 -500001214
-499999882 -4180
-499996747 333329600
-500003211 3848
4634 500004669
-500003740 -622
1060 499995080
-4469 -499995538
-500002904 -3002
4418 -499997794
-500003839 -1177
500000511 333331032
3667 499997803
500003410 333332760
-500002159 758
-500000401 -3637
60 -499996078
-383 499998160
3887 500001059
499996418 333329657
499995303 333331112
500003565 333337209
-500001022 -3105
-500004492 333330224
-2659 500000916
499997789 333335974
-726 -499996177
-3068 -500002250
-500001297 333332063
500000771 333333487
-500000833 333329952
-500003446 333336424
-499996569 3525
586 500001796
2185 500004085
499996841 333332977
3781 499997691
-3367 500003165
-499998063 -1344
-500001460 -4951
-499998975 333330353
-500000684 -807
499998675 333332952
3075 499995635
-499998148 333333656
-499996622 -3376
-500000471 333337061
499997802 333337589
-500003353 232
-500003409 333337805
499997557 333333442
-500001909 -3627
500004984 333334488
499999933 333331636
371 -500003881
499997400 333329971
-499995147 333336407
1902 -500003860
-499998230 4009
4728 500000986
1421 -499998616
2503 -499999372
-3819 -499998445
3459 -499999482
-500001471 -1491
3880 500001882
333 500000988
-4602 499995634
500001820 333337331
-500002454 333335756
-499999273 333337208
-500003081 -4029
4358 500004575
500001309 333331170
-4994 499999963
-500000501 333333193
-500003967 333336724
-1311 -499995013
-500000045 333335600
-2341 500001542
-4529 -500004965
-499999662 333336416
4670 -499996535
-1849 -500001636
4136 -499997509
-4005 -500002350
-500004256 333335819
-500001960 333335903
-1297 -499995691
-500002867 333333015
-500003257 333331512
4207 500001469
-3915 500004298
-499997522 333331691
4142 499999224
-2888 500004779
500003720 333335902
-500002976 1890
-499999607 -3159
2626 499996306
-500000741 333337248
-499998426 333329296
500004172 333330107
500004798 333337565
499998072 333336278
-499997550 -4390
-2658 -499996901
-2292 499995908
-499996261 -669
-499997593 -3837
1096 500003965
-499996586 333334151
-3066 500000159
499998934 333332251
-500000028 333330215
3332 -500004163
-499995522 2499
2071 499999938
3474 499996531
499995861 333329979
499998775 333329384
500001073 333331277
500002670 333329068
-499999270 333337127
500002336 333330252
-2601 -500001170
-394 -499999319
2281 499997245
-3261 -499995119
-3554 499998438
-500001358 4358
-500002907 333332812
-1554 -499999534
4172 -500003769
1200 -499996737
-4948 -500002784
2627 -499999178
-584 -499996416
-500002122 -2359
-499996942 333336099
499995651 333337453
-499998302 333332909
-499999331 333333404
-500001377 4918
500001783 333328937
3878 -500001616
499995627 333336604
-500001677 -2680
-1967 -499995840
-2423 -499995339
-499999124 2811
3340 -500000467
-1620 -500000903
-965 -499996710
-499998382 1711
500002427 333332237
-2588 500000006
-1008 499998470
-499995899 333330537
500001165 333329488
3674 500002332
500002004 333331184
-1719 499997873
499998911 333337581
-1999 499998504
3164 499999258
499996620 333337508
-500003400 -3844
3789 500000796
-106 -499999110
-500004313 -3112
909 -500002648
3267 499998805
-103 499996172
500003523 333336180
-499998404 -4085
-499996092 333334723
499996945 333328970
599 500000236
-4938 -499998326
-3498 -500001139
4012 500003839
4017 -499997128
-500000620 333333378
-949 -499996374
-70 -500004009
-2456 -500003536
-500001349 333332164
500003545 333337247
-3187 500003954
4722 -500000085
500000708 333333334
3145 499997523
796 499997194
499998213 333334406
-3813 500001416
-500002797 -1343
-499999034 333332179
499999540 333336100
-499999805 333337231
-499999234 3434
499995905 333329072
-56 500001020
-229 -500003967
-499997183 -228
-408 -499998481
-499995564 -4716
3261 500004705
-499995740 333334787
499996415 333335076
-499996731 -4307
500004044 333332480
-1018 500003045
-500002612 333330524
-499996454 333329098
-499996679 333333837
-499995348 -988
1876 499998018
-500004964 4563
-505 500003767
499997897 333333961
-4908 500002242
-2299 -500002996
-1461 -500001371
-500002404 333329032
-499997644 333329330
-4603 -499996475
3163 -500002547
-3940 499995758
-1194 500003354
-499995613 -3676
-499996635 3096
-500001618 2776
-500000003 333334845
-4977 -500000226
-584 -499995555
-499996721 333337108
-500000935 333335515
-500000416 4820
-500000165 333332992
-499999044 333337627
-4873 -499999957
500002551 333332772
4129 -500000764
500004399 333335573
4195 500004606
-500004853 333338148
-499999352 333335899
4295 500004055
1162 -499995080
-499998741 333336611
4837 -499995421
25 500001119
-1176 500001725
-499996436 333330906
499995332 333330163
-499995274 2506
-500001367 333335922
2821 -500002601
-499998585 333333286
500003514 333336774
-500001212 333332111
-1572 500000180
-500003818 -340
-500004976 333332395
-500000796 333336017
-499999144 333337805
499998802 333329387
-122 500004921
500001870 333331563
929 499998134
-499996113 333330468
500002776 333337266
-4726 -500004650
-499995767 333331598
499995974 333336820
-499995999 333329993
-500000722 -209
500003022 333336436
3381 500000592
231 500000371
500004215 333331835
-500004561 444
-499996314 -2268
500000199 333337827
499996763 333331963
4276 -500003664
-499998865 333331434
500000610 333331578
-499998880 333332290
499995216 333332712
499997732 333330133
500002978 333337155
-499996726 333329962
-500000741 333337378
-4929 -500004463
-499999123 -2014
-500000683 2168
-4635 499996259
-499996298 333332036
-429 -499995198
-499999626 333335829
-499995310 -3387
-499996588 -867
4601 -499999649
-499995491 2854
-499996914 -2995
913 -500004528
-1338 -500002979
499997041 333334181
-499999658 -2481
500002261 333333096
499996798 333335164
499995702 333331517
-500001478 333332177
-500000941 333332995
-428 499996892
-499995506 -747
-499999968 333329359
127 -500002722
500001661 333328805
-499999235 333334526
500000622 333332645
-500000011 -4968
-4650 500000570
-500001639 -4027
499998438 333331182
500001817 333334692
-500000874 333334896
-3486 -499997966
-2740 499999600
-499996800 333335157
-500001221 333335954
-499995972 333333476
-1075 -500004021
500002642 333337113
499998371 333333480
-3184 -499995987
551 -499996562
-500004287 333336434
3642 499995053
-500003903 -349
-499995999 333333334
500003643 333334978
2383 -499995659
4003 500000845
499998286 333331550
-1533 -500004204
-500002431 333332579
-500000466 -2563
2074 -500001948
-499995336 333328954
-4101 499999134
-226 499998685
-4167 -499996619
-499995711 2101
-500001002 -3168
-499999671 333338185
-499999077 333334338
-810 -499996745
-2493 -499995728
-500000473 -3331
-3021 499997367
-500004266 -251
-500000770 333330185
-499995731 333329562
-1706 -499996957
500004979 333332217
499998294 333329923
3560 -500004863
1060 500000069
-499995380 333328993
-499998235 -1259
875 500002775
500003172 333329756
4012 -500004357
499995673 333331749
4437 500004573
-499999357 333332164
-500000939 3158
-500000545 -3861
-4976 500000832
-500003790 2633
-499998708 4895
4015 -500004566
500000360 333337223
-500001242 -4057
-267 -500002353
-499999835 333337269
-500004238 333332915
-1464 500002102
500002383 333332376
-2965 499996760
-3794 500001914
2236 -499995828
2526 499995516
2478 499996084
499999687 333328851
-499995636 -4752
-4950 500001568
3111 499997541
-500000908 333336450
-499997763 333330245
-3296 -499995439
-500001438 -1187
-500002777 3784
-500003857 -2352
499996971 333329096
