1000
-3452 4035
2601 971
-586 37
0 0
-740 58
-1680 6688
3222 3201
1519 218
1908 6408
-921 6861
-3470 3688
1368 175
-2876 1271
-2892 1292
2892 5249
-637 6891
-561 6896
-2060 6519
-439 21
-829 73
2921 5180
-3457 3967
1063 6756
1896 6415
2881 5273
1713 289
-1259 179
3200 2729
-3395 4497
2774 1245
3151 4237
3120 4437
-2413 6285
-784 6877
76 6902
2172 536
-3316 4860
725 48
2476 813
2387 6041
1115 116
-2743 5971
3211 2882
2459 793
1603 246
3218 3341
-1302 194
3219 3308
3074 2004
2665 5668
-3173 1778
-1340 6787
3053 1925
2724 5570
-1888 6605
2804 1299
-2531 6186
3211 3541
1097 6747
2044 454
-3354 2398
-3386 4548
-2955 5689
2705 1128
3221 3239
1852 6440
-2781 5926
1657 6542
-1394 6774
2236 582
-2731 1099
51 6903
-3387 2555
-1487 267
-2491 6221
2310 641
946 6785
-2502 883
2824 1336
-1961 6571
2647 5697
-3460 3921
-3391 4520
243 6892
656 39
-3420 4338
-1712 375
3156 4199
-880 6866
3219 3093
-3271 5020
3187 2605
1152 6732
1746 303
3011 1781
2750 5524
1640 6550
-2947 1368
1724 6509
-1202 161
-2864 5821
-2083 6506
3204 3679
-1761 6658
3178 2531
1123 6740
2983 5002
-504 6899
-3031 1500
2613 988
-2722 5995
-1839 449
-2358 6327
3109 4498
-2582 952
-3332 2302
-2781 1155
-3135 5366
2340 6091
-3400 4468
-2995 5625
-3424 4309
2649 1040
2854 1393
-3464 3850
-3466 3239
-1821 438
-2741 1110
-3363 2439
2387 712
2989 4983
-1986 6559
335 6884
964 86
3173 2495
-2962 1390
2195 6217
-1125 139
-2829 1211
-2119 6485
1246 145
-3469 3719
-3412 4392
2576 5804
-1757 400
2817 5401
-1448 6760
-3188 5248
3160 2408
1462 201
-3427 4287
-3264 5042
-3342 4756
-2312 742
-2035 6533
-3254 2008
-3266 2048
535 25
-1285 188
-3414 2713
-3321 2256
1129 119
2247 6175
-3462 3171
-1852 457
-2807 1185
-351 14
1788 6475
-3159 5314
2716 1146
2219 6198
1847 349
-501 27
-2514 6201
-3215 5182
-3233 1941
-3436 4209
-2407 808
3141 4305
3068 1981
1952 6382
1038 100
-428 20
3089 2062
2018 6341
-1583 6721
-1671 353
1566 233
1318 162
-3342 2345
-1316 199
1 0
-2557 930
-3207 1867
-2515 894
-3099 1619
-2483 867
159 6898
-3473 3584
-1044 6843
-1151 146
3215 2969
340 11
1988 6360
-3068 5497
-2944 5706
318 10
3066 4704
-1319 6792
-1925 6588
-3115 1648
-3467 3776
-1793 421
2503 5903
-3410 4405
3094 4576
-238 6908
3150 4244
1554 6589
-1716 6675
1830 341
-1735 6668
420 6875
-2647 1012
821 6812
-1063 6840
1082 6751
2635 5716
-2356 772
2436 5986
-1798 424
25 6904
-3349 4726
2117 499
-1912 6594
-660 6889
3187 3911
925 79
-3445 4116
-984 6852
2967 1653
2664 1063
2942 5124
-3142 5351
-3136 1693
3046 4783
-1637 6703
902 75
-3451 4047
3207 3624
3184 2579
-1175 153
-1275 6802
1349 6670
2615 5747
-2026 6538
1043 101
846 66
3023 1820
-3280 2097
-3470 3341
1224 140
432 16
-2669 6053
-2207 6431
2359 6071
2453 786
385 6879
206 6895
-2542 917
2066 467
-536 31
2998 4954
1622 253
-2760 5951
3114 2168
-3383 4564
-3057 5517
-168 5
3095 2087
3196 3807
-838 6871
1495 6614
2536 5860
1625 6557
-3419 2746
-2717 1084
-3352 4713
-2325 6351
-1940 6581
-1608 6713
-1408 234
-2141 6472
1889 369
650 6843
2134 510
3221 3164
-287 10
3191 2640
1925 6398
2620 998
-221 7
2534 883
1013 6769
-3246 5096
3212 2899
-3156 1738
2956 5084
2873 5290
-400 6903
2938 5135
-994 106
816 6813
3214 3463
-3238 5119
-3469 3311
-524 6898
3130 4377
2126 6268
-3228 5147
3210 3564
-2776 5932
-2256 706
2864 5309
3165 2441
-3449 3004
2253 595
3146 2324
1040 6762
-307 6906
1775 6482
1438 194
3217 3028
-2227 6418
710 46
-3100 5437
3163 4141
-2185 6445
2555 5834
-1688 362
3208 3605
-2889 1288
-1262 180
3205 2788
2560 5827
2116 6275
2948 5107
-2272 6388
-3465 3827
3045 1896
522 6862
-2666 1030
3056 1936
3041 4802
-3468 3284
-553 33
-3339 2332
1290 6690
1866 358
2843 1372
-2452 6254
-985 104
2975 5027
2370 694
-1365 6781
-1558 298
-2193 6440
-2635 6089
-30 6906
3112 4482
2978 1684
3155 2376
-1079 127
-2788 1163
-640 44
2503 845
953 84
3019 4883
-1542 6734
-1988 6558
-3125 5387
-3085 1594
2840 5357
-202 6909
3168 4098
2600 5769
2780 5470
-3468 3748
-2866 1258
39 1
-3074 5486
1812 6462
-1784 6649
-612 6893
-1251 6807
-2758 1129
-856 78
-3182 1800
-1376 221
-2372 783
-2389 795
-2614 981
100 6901
2966 5055
3081 2031
3175 4035
-2315 744
3089 4600
2817 1323
-2905 5763
1193 133
-2795 5909
1703 6520
781 56
2793 1279
3202 3714
485 6867
3183 3954
3131 2245
1843 6445
2692 1107
3195 3819
2410 737
-3456 3086
1170 6727
-129 6909
1473 6623
-1011 6848
3020 1810
-2581 6140
2680 1088
3192 3854
-3409 2681
-2859 1249
908 76
-3438 4190
-2598 6124
356 6882
2887 5260
2583 946
1947 6385
-3166 1761
-106 3
-2636 6088
-2801 1178
3209 3585
1649 263
2178 6230
675 6839
-1088 6836
-579 6895
437 6873
1701 284
-655 46
2093 6291
3100 2108
1152 124
-898 86
3135 2264
-2998 1446
462 18
-1199 6817
2714 5587
1345 169
-3419 4345
1612 6563
2549 902
-2565 937
-2164 6458
984 6776
448 17
-2382 790
-3394 2593
-3287 2123
2406 6020
1293 156
-2916 5747
790 6818
231 6893
3200 3747
1970 412
-3463 3187
2878 1441
-2702 1068
1769 313
3197 2697
-3431 2838
2456 5962
2788 1270
-3471 3372
-3437 2889
2304 636
2267 606
-320 12
-3454 4010
-3008 5603
-3240 1963
-3434 2863
-456 6901
-3461 3156
2517 862
-2964 5675
-1660 6695
2953 1616
-1705 6679
-1368 218
3217 3373
2673 1077
2902 1494
2923 5175
-596 6894
933 6788
2833 1353
3125 4408
-2337 759
-1425 6766
-491 26
2232 579
-3474 3471
598 32
-3472 3620
-1533 287
-460 23
-578 36
3220 3128
2866 1416
-2705 6014
-3462 3888
241 7
-3081 5473
2055 6317
-3330 4806
902 6795
-3294 4941
-950 6857
2293 627
-1015 111
-3359 4682
-1463 6756
2447 5973
3060 4729
2329 657
394 6878
-3125 1669
-380 16
-1125 6830
-3052 5526
-3426 2797
1072 107
-2808 5893
3198 3778
-3218 5174
3218 3060
-72 2
3111 2155
-3459 3127
-3401 4462
-2694 6026
1739 300
-617 41
-3059 1548
366 6881
2919 1533
-2682 6039
3215 3434
754 52
-3356 2407
-3090 5456
1914 382
871 70
3186 3922
1177 6725
-482 6900
-2906 1311
1393 6654
2910 5207
2214 6202
269 8
3168 2461
2267 6158
-3145 1713
-3232 5136
3220 3274
-2925 1337
1684 277
-755 6880
301 6887
-3225 1918
-3448 4082
3213 2921
-2749 5964
-3292 2142
-1154 6825
-3424 2782
-929 92
-2976 5656
3141 2296
-3452 3038
-2984 5643
-510 28
-3200 1848
1588 6574
-1215 165
-1591 313
850 6806
2931 5154
2077 6302
2728 5563
-1044 118
2800 5433
1479 206
-2616 6107
3093 4581
-3441 2924
-3258 2021
3100 4545
-3285 4973
2764 5499
2741 5540
-2308 6363
-2535 911
487 20
-3331 4802
-3003 1454
-1106 134
-3299 4923
-2447 838
3010 4914
-1442 248
2007 6348
397 14
698 6835
-2456 845
2440 771
-3439 4180
-2458 6249
-3458 3113
1512 6607
1413 187
415 15
2587 5788
-2848 1235
111 3
-2938 1355
-2827 5869
2828 5380
-3420 2753
-3255 5070
2159 6244
2004 431
500 6865
-3190 1821
-2506 6208
3145 4278
1959 406
-3199 5222
2418 746
-3048 1529
-3405 4437
-165 6910
874 6801
598 6851
2272 610
2743 1191
-1812 6638
-2877 5803
2354 679
-1868 6614
-3357 4691
-1494 270
3192 2649
-3404 2650
2808 5418
1506 214
-1834 6629
-3347 2367
963 6781
-3444 2952
-3429 4272
-1140 143
893 6797
-1611 6712
-3447 2983
1007 94
-1048 119
-2889 5786
-1430 243
3136 2269
-1171 6822
2769 5490
814 61
-2654 6069
3138 4325
-2730 5986
2698 5614
-3234 1944
551 6858
2793 5446
-1776 411
-2362 6324
3216 2997
3174 2502
-3466 3803
1387 180
2286 6141
-1604 319
2144 6255
122 6900
3005 4931
-94 6908
-943 6858
3104 2125
-1220 6813
-3313 2223
-2235 693
-2383 6308
1401 6651
2960 1634
3027 4854
-812 6874
-3029 5567
-3444 4127
-3375 2495
-2824 1205
2487 826
2985 1704
3123 2208
-2426 822
2993 1727
-245 8
3031 1847
-1567 302
-2565 6155
-2766 1138
1374 6661
-2343 6338
-3368 2462
-703 6885
1265 6698
-3381 2524
2628 5727
-1518 6741
1887 368
1589 241
2684 5637
-3427 2805
-2436 6267
3165 4124
2433 763
2750 1203
1877 6426
-3148 5338
3002 4941
-771 63
-37 1
-3311 4879
-872 81
-1341 208
2296 6132
3016 1797
-3298 2165
-61 6907
-2332 6346
-671 6888
1445 6634
-1119 6831
2230 6189
-3454 3061
-2851 5838
3081 4637
516 23
2701 5609
278 6889
-3273 2072
-1381 223
3063 1962
2673 5655
-1743 6665
-3076 1578
2933 1566
-1489 6749
210 6
-2834 5860
-3455 3073
-3175 5278
-3392 2582
-3464 3204
3205 3661
1422 6643
-3327 2281
2337 664
2899 5233
1318 6681
1802 328
-913 6862
1096 112
-2400 6295
2570 929
-3185 5255
3181 3975
3069 4691
2560 916
-806 69
3126 4402
3074 4669
563 28
991 91
1184 131
3190 3877
2902 5226
-429 6902
3209 2849
1760 6490
-2422 6278
-3467 3260
2035 6330
2084 478
-2461 849
-2986 1427
-1732 386
3105 4519
-1517 280
753 6825
-3364 4659
-3028 1495
462 6870
2652 5689
-3114 5410
-3475 3509
2942 1588
-1859 6618
-3038 5551
-2917 1326
-2601 969
3206 2802
-3168 5294
3117 4454
2928 5162
-3014 1472
1524 6602
175 6897
2473 5941
-3473 3437
-3455 3996
-3287 4966
-677 49
-1650 342
761 53
-2812 5888
1541 225
3194 2668
-3104 1628
3030 4843
-2929 5728
-3113 5412
2547 5845
1743 6499
3133 4358
-953 97
-3371 2476
-2685 1050
-1561 6728
-3041 1517
615 34
2636 1021
-3218 1898
-2833 1216
-3372 4621
-138 4
-2 6905
3038 1871
2492 5917
2397 6030
-273 6907
-2667 1031
2423 6001
3017 4890
1246 6704
-3307 4894
3052 4760
-3314 2227
3180 2546
2195 552
178 5
2058 6315
1579 6578
1678 6532
-3283 2108
-1627 330
2909 1510
-268 9
2027 444
3203 2763
-3245 1979
-370 6904
3160 4166
1823 6456
1975 6368
2376 6053
1979 417
3214 2944
-777 64
-724 6883
-405 18
3172 4063
-2540 6178
-2102 6495
2477 5936
1431 192
-3322 4837
648 38
631 6846
294 9
2940 1583
2401 727
3037 4817
-2629 995
-1461 256
3150 2347
76 2
2520 5881
-3212 1881
-3415 4372
1217 6713
2307 6122
1815 334
-3399 2621
2963 1642
-195 6
3178 4006
3153 4222
2321 6109
-3433 4237
-1398 6773
-2275 718
360 12
-3305 2192
3121 2199
769 6822
1935 393
-2285 6379
-3441 4159
1662 268
-2292 729
2508 851
-3278 4997
1009 6770
-3378 4590
1778 317
-3207 5203
1531 6599
-3063 1555
-3471 3655
2071 470
-2975 1410
2922 1540
-855 6869
2761 1222
2730 1169
-1289 6799
-3338 4773
2156 525
2886 1458
3212 3516
-3458 3952
2853 5332
-2009 6547
3213 3490
-1192 158
-706 53
3040 1878
578 6854
1335 6675
2103 490
1276 152
-339 6905
2260 6164
2891 1469
3216 3404
2596 964
-2471 6238
2972 1667
145 4
-2551 6168
1194 6720
-2250 6403
-3018 5586
3002 1753
-3472 3404
687 43
3208 2833
-1231 170
726 6830
-3474 3547
2213 565
-2477 862
3128 2231
3086 4614
-3463 3870
-3367 4645
