977
83649189 40238137
92840791 48787531
155777175 13666781
131614099 -133559403
34560415 9091049
78190421 -55691683
500000145 499999824
499999690 -500000016
213134377 -226679563
8550991 -782899
-17378157 -7445807
149194543 -220979967
-231554525 9693119
126556711 98799479
-43668547 -14871337
-155974671 -17761273
500000497 499999923
151522547 -22296867
162600635 -143353075
141608461 -167756979
500000435 -500000359
11400789 100137
500000062 -500000427
136189831 125089869
153168205 -102773557
-19425195 -17761273
154412483 4234351
149716337 249999325
161597185 -140342725
499999757 500000461
150559235 -68174601
190014889 -200228621
-111260939 -12342643
-198601227 -29080189
245365191 -248434359
109899441 -91414503
500000480 -500000049
168179817 -158284411
-167253449 -20209691
-500000368 -239
124429397 -117223237
93202033 -69980811
-174678979 -6883875
155295519 10415603
-136708431 -10937813
237136901 162819589
-206387999 -31970125
-139678643 -10737123
500000192 -499999539
164607535 56453889
500000091 -500000184
143816051 157400959
-500000146 -43
113471723 -96913409
149876889 222103415
150318407 -60949761
143856189 -179035757
-216864017 -36184615
500000031 499999598
-212368561 -34298129
246890435 168920565
109859303 69779705
157984765 26912321
213455481 -226960529
240147251 164746213
499999851 499999996
15213899 -25347355
126837677 99401549
134504035 -141426451
150800063 -74235439
150800063 -32933437
-12722149 -18844999
-69437143 -12904575
147548885 183370245
-499999914 61
500000264 499999741
-226376723 7485529
-67189415 -13024989
118769939 -105904321
-210441937 -33535507
-228343485 8288289
500000184 -499999795
-219392711 4876559
31108547 -30886399
88666439 44813869
80799391 -57698583
-14929739 -6964151
499999964 -500000076
120255045 86436975
127158781 -123083385
500000006 499999733
199888837 -212912229
140805701 143553349
172594997 -168359049
129406509 105382111
135306795 -143794593
500000003 -500000049
201333805 -214638163
108414335 67652391
3493603 -22256729
499999671 500000022
69279785 -49550569
195794761 -207814703
199969113 128220633
-500000383 -332
499999592 -499999653
-146662655 -10215329
158305869 28718531
-57676709 -11700435
500000355 -500000477
98339697 54888507
112347859 73512539
-233641701 -44212215
-499999818 -402
-215659877 -35662821
-187242173 -4475595
500000360 500000411
6865195 -1304693
-500000412 442
149676199 216524233
181264805 -185899355
142812601 152624537
-500000364 -217
147589023 -202717177
76705315 34458265
500000211 -500000385
499999942 -499999582
-195871843 -28157015
139119905 136408785
-166450689 -8088015
-499999777 348
154653311 -113209437
154131517 2107037
55913831 20249413
-499999905 7
150117717 232739985
-499999579 132
136952453 127819253
500000193 500000458
500000061 499999786
155175105 -115938821
500000455 -499999952
-136066223 -10977951
-80756059 -12422919
245886985 -248715325
103276671 60869069
500000235 500000059
500000129 -500000086
179298043 95387749
-144174099 -10416019
-210642627 1946485
-499999551 -383
-177649191 -22858799
26412401 5558905
-499999664 -202
191499995 116781303
165450433 59464239
-229989143 -42325729
235732071 161896415
499999919 -500000293
220078251 149855015
-199604677 -29441431
-184914169 -24865699
97175695 53523815
499999517 499999627
197761523 125410973
167497471 65926457
175565209 87039045
128603749 103335073
500000462 499999613
500000140 -500000433
89348785 45456077
203461119 132435123
499999891 -499999647
-223286097 6281389
137514385 -151019433
230032475 158003029
36165935 9853671
500000281 -499999878
176970039 -177590789
222606945 -234426197
169062853 70381775
105444123 -84912147
148712887 -213594575
174120241 83587177
178254455 93099883
500000205 -500000182
500000047 499999868
149997303 226518595
166694711 -154511439
71607789 30444465
153449171 -105061423
158225593 -128943533
118930491 84189247
500000423 -500000466
234206827 160892965
8430577 -23460869
130771201 -131432089
-35600809 -15714235
500000035 -499999858
235210277 -242774901
500000160 499999810
-108732245 -12262367
149756475 248795185
499999994 -500000204
-500000442 206
-499999718 386
47404575 -37990825
164808225 57176373
-183228373 -5278355
220680321 -232941091
135668037 123283659
13608379 822621
148552335 -211587675
150358545 -62394729
151361995 -24263629
-124667031 -13265817
124389259 94223747
210525407 140302171
-500000095 150
232480893 159728963
-35841637 -10215329
500000393 499999577
-500000226 151
224653983 -235911303
500000455 500000026
240588769 -245825389
-208515313 1264139
500000472 499999958
50856443 17359477
152525997 -11941263
-499999540 436
39417113 11419053
150438821 -64843147
-500000369 495
500000111 -499999917
-44752273 -10977951
146906677 177068579
229510681 -239242757
500000225 -500000326
93884379 49871257
499999870 -500000293
75019519 -53403817
149074129 -219093481
-32269355 -16075477
145180743 164625799
-235447911 11499329
25770193 -28799223
149355095 -223508661
165972227 -152624953
136992591 -149253361
-499999907 -328
-223446649 -39154827
84451949 -60989899
500000265 499999545
499999620 500000220
153128067 -6442357
22077497 3832971
-500000283 -55
-158021709 -18162653
172193617 78770617
-500000325 -220
227463643 -237878065
-499999543 182
143334395 155072955
128081955 -125130423
152606273 -97555617
162680911 48907945
15856107 1585243
145100467 -186059907
188208679 -197418961
206752435 136167957
-500000462 192
148873439 -215962717
150278269 -42084901
111143719 -93300989
138718525 -155434613
-499999838 256
152967515 -101087761
-159466677 -8930913
499999823 -500000010
42628153 12984435
17421489 -25989563
148632611 -212510849
205387743 -219374447
148993853 203599797
-179094159 -6081115
13487965 782483
-15170567 -18443619
-60125127 -11780711
-57877399 -13627059
126516573 -121678555
500000268 -499999877
184194879 -190876467
-129363177 -13787611
32995033 -31649021
500000241 -499999744
-8347107 -5559321
47003195 15272301
233484343 -241731313
-500000083 43
-640611 -3552421
30747305 7365115
151201443 -26712047
-131691181 -14068577
500000418 499999795
142330945 150416947
145782813 168238219
499999807 -499999618
-112505217 -12382781
-181783405 -5559321
129165681 -127618979
499999778 500000351
241833047 -246507735
-88422417 -12141953
124108293 -116540891
81923255 38793169
-142327751 -15473407
500000001 500000192
96372935 -73553093
-1684199 -21092727
212452031 -226077493
-500000189 368
-105561343 -12182091
107571437 66488389
149716337 217567821
142210531 -170566639
114354759 -98318239
71487375 -50995537
213335067 143272383
500000457 -500000119
216746797 -229810327
-63777685 -11860987
-204581789 -31287779
150077579 230251429
69761441 29039635
500000167 -499999850
59767079 22497141
-161152473 -8730223
150157855 -53002437
90111407 46178561
159188905 33213987
-53743185 -11539883
-21552509 -17440169
499999744 499999650
51578927 -39917449
150599373 -36385305
53906931 19085411
-72688321 -12744023
135507485 122761865
500000382 -500000055
-23438995 -17159203
-71885561 -11981401
144377983 -181965831
499999760 -500000403
157061591 21533829
145541985 166753113
147227781 180078929
149796613 247550907
499999807 500000088
-63938237 -13225679
63660465 -46178977
-499999872 17
140083217 140422585
-218951193 -37107789
188810749 112647089
-41300405 -15112165
243920223 167114355
-113548805 -12422919
500000274 499999893
186683435 109275497
-195470463 -2548971
125553261 96672165
147227781 -200027931
133500585 116620751
-500000195 -354
214499069 144476523
163483671 -145881769
-168738555 -7807049
-54465669 -13867887
116883453 80737379
205949675 -219976517
114435035 76763717
91757065 47743943
159790975 36063785
115679313 78770617
132416859 113530125
149917027 223427969
143575223 -177510513
81802841 -58581619
130650787 108673427
-236973155 -46018425
-180017333 -23501007
-499999891 -101
151723237 -19968863
-170143385 -20892037
57318661 -42686971
32111997 7967185
-499999800 60
207876299 137412235
-54586083 -11580021
-28697073 -16476857
154131517 -110279363
150077579 235589783
499999862 499999966
-229266659 8689669
38092559 10776845
110943029 71385225
62817567 24343489
134102655 118346685
-500000111 -101
-142528441 -10536433
499999964 -500000181
500000196 499999733
499999702 -500000093
73373861 -52279953
165209605 -150618053
-500000147 -25
113511861 75278611
499999683 499999879
128202369 102411899
90151545 -66649357
499999805 500000486
-77665433 -12543333
169705061 -161896831
150398683 -39877311
171150029 76081371
-134581117 -14429819
1245875 -21734935
150157855 -46419805
190175441 114774403
-186198585 -25226941
499999872 -500000366
58121421 21533829
134142793 -140382863
-500000362 -142
228547369 156919303
-46518345 -14590371
500000443 500000197
64944881 25708181
123425947 92337261
146906677 -197820341
196717935 124046281
-214616289 -35221303
151321857 -82905247
500000182 -500000472
133219619 115817991
104882191 62916107
-173555115 -7084565
-161794681 -18965413
139320595 -157802755
103798465 -82664419
-30302593 -9573121
162159117 -142068659
95530037 51597191
499999530 500000209
138036179 -152825643
499999833 500000316
-235447911 -45175527
500000393 -500000329
157503109 -126254287
500000155 -500000232
216225003 146242595
144699087 -183772041
91636651 -68254877
138517835 133920229
117766489 82222485
-225573963 -40158277
22197911 -27514807
-46237379 -11098365
166614435 63317487
98098869 -75519855
500000097 -499999964
-206107033 501517
499999671 499999548
-4533997 -20490657
499999853 -500000465
-149030797 -16476857
148150955 190835913
147990403 -205807803
-227661139 8007323
77146833 34819507
224292741 153547711
202818911 -216404235
-500000340 279
143535085 156036267
164085741 54446989
-27051415 -16677547
85214571 41642967
75541313 33535091
499999895 499999509
101069081 -79132275
-25124791 -8810499
-120171575 -12864437
-99580781 -12061677
-499999522 -243
-500000029 -166
499999830 500000466
-499999730 177
62376049 24062523
499999617 -499999557
500000005 -500000336
192543583 -203680489
-185476101 -4836837
499999538 -499999687
205427881 134682851
203942775 -217728789
-149512453 -9974501
76584901 -54527681
499999853 -500000439
154091379 -110038535
500000367 -500000011
-102310165 -12101815
-22274993 -8368981
139561423 -158806205
137715075 130709189
149194543 206931251
171270443 -165428975
499999548 500000148
221964737 151580949
180823287 -185096595
20833219 3351315
194229379 120714827
228025575 156517923
42387325 -35702959
152847101 -99923759
144337845 160050067
-499999942 95
-164684617 -19607621
107410885 -87681669
499999692 499999993
499999701 499999891
-81799647 -12382781
-499999999 -405
204263879 133358297
500000270 -499999763
153810413 -107991497
499999893 500000329
-75618395 -12623609
-500000243 440
136310245 -147005633
-500000316 -421
101671151 -79894897
-132734769 -11178641
500000399 500000181
142652049 -172734091
208759335 -222705901
155737037 -118708343
-192419975 -27073289
-217787191 -36585995
178455145 93541401
-228343485 -41482831
191098615 -201753865
139400871 137572787
-212970631 2709107
231316891 158926203
44956157 -36866961
500000379 -499999630
231678133 -240607449
-38209779 -15433269
-194386737 -27675359
-75257153 -12021539
-227018931 -40840623
241792909 165789801
500000456 499999920
152004203 -16998651
172795687 -168800567
148512197 196134129
231357029 -240406759
139922665 -160331449
-121536267 -12984851
187124953 -195693027
146545435 -195371923
499999619 500000407
152245031 -14630509
-238618813 -46941599
-10474421 -6040977
-171588353 -7405669
150840201 -75118475
64543501 -46700771
131654237 111402811
-499999638 354
500000089 499999549
150037441 238158615
88064369 44251937
124790639 95066645
62978119 -45777597
162359807 47583391
157462971 23901971
85977193 -62434867
-500000441 -411
150679649 -71385641
186001089 -193886817
-500000362 -82
-499999861 -52
499999960 -500000494
-182626303 -24223491
499999953 499999546
167336919 -156157097
149756475 218651547
499999514 -499999814
49170647 16436303
499999995 -500000421
499999728 -499999728
147468609 182527347
127038367 99843067
500000472 -499999879
198925525 126896079
-499999680 -335
207635471 -221622175
19829769 -26752185
26091297 -28919637
-189730729 -26270529
-49568833 -11299055
159951527 -135044509
67072195 27153149
500000059 -499999666
-175080359 -22176453
499999813 499999510
182348531 -187745703
-220998231 -38030963
499999739 499999861
-118485779 -11660297
129687475 -128823119
-52137665 -14068577
4135811 -2147591
231838685 159287445
500000449 499999900
35604003 -32732747
119693113 -107670393
151081029 -28558395
-499999927 321
163403395 51757743
500000426 -499999561
175806037 -175182509
500000112 -499999673
151121167 -79854759
169705061 72187985
500000363 -500000246
144739225 162177381
199688147 -212671401
10798719 -24103077
149957165 241811173
237217177 -243938903
-500000319 -423
129968441 106867217
-500000123 -168
18304525 2428141
-202133371 -30364605
-39012539 -10496295
201494357 130107119
160754287 40559241
120696563 -109597017
176167279 88403737
122944291 -114092473
-207873105 -32532057
160834563 -137894307
499999968 -500000389
78070007 35582129
-3008753 -4194629
174963139 -173416437
500000086 499999612
225737709 -236673925
500000321 500000133
156981315 -124287525
-32590459 -9894225
177090453 90490913
500000458 -500000038
38172835 -33816473
192904825 118868479
-25164929 -16918375
500000127 -500000379
-500000029 -98
499999555 -500000235
106808815 -86798633
500000139 -499999721
238260765 -244540973
148793163 200428895
184957501 -192160883
-499999657 -32
500000254 -500000347
158747387 -130870157
150920477 -76523305
142049979 149132531
101952117 -80256139
-60767335 -13426369
-500000417 207
156138417 -120594829
44875881 14148437
-152803769 -9693535
500000120 499999723
179980389 96832717
-177127397 -6442357
199166353 -212029193
-500000483 266
500000306 499999855
924771 -3110903
500000080 499999956
-237173845 12342227
151964065 -90892709
-145538791 -15914925
191861237 -202797453
-499999957 6
181585909 100164171
499999877 500000134
-31908113 -16115615
500000480 -499999858
219074801 -231696813
-499999696 -80
182870325 102572451
140243769 141104931
-92958011 -12061677
87622851 -64000249
-173113597 -21654659
161918289 45696905
-203738891 -220967
73654827 32049985
499999525 499999576
499999658 -499999912
122261945 90129671
134945553 120955655
-68835073 -11941263
-218469537 4555455
223690671 -235228957
-61449681 -11820849
228346679 -238480135
193386481 119550825
150117717 -49510431
-96088775 -12021539
-159747643 -18523895
-233079769 10375465
188850887 -198422411
45397675 -37067651
-140280713 -15192441
71085995 30043085
117686213 -103937559
161356357 43248487
-187442863 -25588183
149435371 210985189
121138081 88002357
67995369 27795357
-17378157 -18082377
24124535 -28197153
150238131 -57859135
223128739 152584399
-500000189 115
499999712 -500000069
217830523 -230693363
-115997223 -12543333
174280793 -171971469
-137029535 -14750923
25248399 5077249
499999976 500000448
248295265 -249999741
-68674521 -12944713
149595923 -227723151
66630677 -47945049
152285169 -94304439
125352571 -119189999
203019601 131913329
500000070 500000328
499999764 499999521
499999750 499999596
-191215835 -3592559
78872767 -56213477
112267583 -95026923
-121897509 -11620159
-500000169 183
60409287 -44292491
-10434283 -19286517
147709437 185176455
79956493 37147511
217148177 147125631
-7664761 -5398769
187767161 111001431
148271369 -208577325
-500000227 288
-197999157 -1906763
115558899 -100285001
85174433 -61672245
150037441 228364943
156579935 18684031
-500000350 327
-7664761 -19848449
-127797795 -11419469
168380507 68455151
-127677381 -13586921
151000753 -29802673
185278605 106867217
500000411 499999998
146545435 174098367
499999935 -499999540
-6340207 -5077665
-499999902 -433
40821943 12101399
-85090963 -12262367
238702283 163823039
169263543 -160853243
116441935 -101770107
499999803 -499999706
13086585 -24745285
-499999525 412
152847101 -8930913
171631685 -166231735
500000423 -499999724
151402133 -84069249
500000448 499999945
151562685 -86276839
-20468783 -8047877
-499999795 270
142933015 -174179059
183954051 104539213
-500000424 379
-151720043 -16958513
500000119 -499999555
135748313 -145199423
59646665 -43891111
499999640 500000094
-500000426 296
156138417 15954647
500000146 -500000157
-28095003 -9252017
7667955 -23260179
499999870 -499999843
160232493 38150961
-499999845 -303
-499999899 298
88907267 -65324803
500000433 499999588
141809151 -168680153
-500000479 345
132176031 -135044509
-499999515 -351
166092641 61671829
159429733 -133278437
247612919 -249638499
-147425277 -16195891
178415007 -180561001
204223741 -218049893
-220958093 5438491
121820427 -111804607
150197993 -55490993
156419383 -121839107
185720123 107629839
141447909 146403147
500000187 -499999942
225376467 154430747
146103917 -192401711
-13565047 -6683185
104601225 -83748145
102915429 -81500417
150197993 -43730559
33275999 8488979
27857369 -29601983
55833555 -41924349
-499999850 -141
133139343 -137653479
-5296619 -20330105
500000037 -499999512
54067483 -41081451
-499999936 54
180502183 97916443
99664251 -77366203
147990403 188628323
-4935377 -4716423
-158784331 -9011189
100627563 57617891
245164501 167876977
149595923 214477195
500000088 -500000463
-130607455 -11299055
183673085 -189993431
-500000439 -464
198323455 -210985605
209521957 139218445
-189369487 -4034077
108414335 -89166775
197360143 124889179
170387407 74034333
-500000318 -431
500000066 499999897
234327241 -242253107
-156014809 -9332293
-66185965 -11901125
-499999556 -313
149555785 -227000667
-500000376 -148
-133336839 -14269267
83769603 -60347691
146224331 171489397
158707249 30765569
164406845 -148490739
154492759 4836421
-201451025 -903313
68557301 -49109051
500000004 499999797
174882863 85433525
154854001 7405253
-199805367 -1384969
151763375 -88604843
182589359 102050657
62215497 -45336079
-500000224 -473
-500000358 5
58723491 -43409455
500000095 499999523
499999517 -500000209
193707585 -205165595
499999677 -499999915
-154329013 -17440169
155857451 14188575
500000397 500000259
-215780291 3632281
-202454475 -30485019
140926115 -164706491
-499999941 481
-224650789 6803183
211769685 141626725
140444459 -162579177
99864941 56694717
499999963 500000209
500000277 -499999878
226139089 155032817
179659285 -182969281
500000242 499999564
1607117 -2910213
-192540389 -3271455
499999872 500000377
52421825 18242513
102112669 59424101
500000448 500000387
-500000492 -372
210605683 -224431835
149395233 210302843
29021371 6642631
60449425 22898521
94887829 -71867297
500000437 500000223
500000028 -500000295
-499999744 428
-42303855 -10777261
148351645 193765987
29181923 -30123777
499999942 499999966
149876889 244941937
500000091 -499999723
-49528695 -14309405
86458849 42766831
239786009 -245383871
170387407 -163462213
-171869319 -21333555
177572109 -178835067
500000139 499999652
500000454 500000146
-231233421 -42967937
195232829 122079519
143374533 -176466925
49933269 -39154827
-234484599 -44653733
500000024 500000126
-163440339 -19326655
218994525 148851565
499999684 500000498
173197067 81299311
153810413 -582209
155496209 11780295
-52940425 -11499745
500000058 499999909
-500000498 -86
145622261 -189230809
149917027 243456831
-500000483 222
148672749 198582547
-500000044 -187
499999814 500000226
137996041 131792915
177251005 90852155
