977
4169 -4398
4378 -4166
-305 -5703
1284 396
4844 3748
3540 5041
3699 -4787
2847 -5207
490 29
4857 -3380
-5392 1962
5488 -1111
-5293 -1741
1226 -5646
5379 -1747
-4120 -3586
347 2681
5220 2843
56 -5716
-5096 2910
-3948 4624
1577 2044
4309 4482
5600 505
-3392 4986
1066 2514
-4978 3201
4720 3960
1731 -5551
5533 1609
1657 5630
4577 4167
959 5698
-960 2373
-3922 4643
1137 276
5353 -1875
-637 125
1542 -5593
-1816 5549
-1250 701
5514 -920
-1024 2324
3849 -4689
-1333 1034
71 5714
-880 2423
705 68
5347 2431
-507 5695
-4350 -3357
5593 20
-5156 -2117
207 -5714
4174 4603
2097 -5453
5156 3034
-5196 2634
-4892 -2658
-697 152
550 38
-1103 449
4743 3921
-3403 4980
5089 3225
-4548 -3125
5262 -2246
-904 -5630
4278 -4281
-2524 -4943
-5583 780
-1341 1094
-4486 4077
-5586 740
-728 -5658
-1765 -5356
-5358 -1521
-5558 -444
1594 861
-1291 1950
614 -5702
3042 -5123
4876 3690
-5591 -23
-5492 1462
-2495 -4963
-1365 -5507
5405 -1614
1560 5644
1481 2213
-5052 3023
-1361 1484
3887 -4662
470 -5707
3496 5064
5309 2559
-2051 5498
-830 2453
5503 -1004
-1127 478
1242 355
-5600 281
-1311 5624
5489 1880
4688 -3716
3396 -4955
4750 -3596
3639 4988
1647 1864
2390 -5368
5566 -471
1001 -5674
2818 -5219
1469 2230
1118 5687
-3048 5158
1629 947
4625 -3825
-5597 534
1564 2069
-1762 5559
4325 -4228
-178 2669
5599 567
-5592 0
-5599 228
3625 -4831
5570 -426
-1362 1452
-3111 5128
-5469 -1027
410 2679
2933 5316
5211 -2434
-5437 -1187
-2252 -5114
4668 -3754
-5497 -878
-5589 693
1519 5649
-14 -5715
3592 -4850
-738 2506
386 2680
1227 342
-557 5692
1049 -5669
-1336 -5517
-5311 2274
2533 5446
-3458 4948
-4221 4392
5107 -2788
916 5700
5257 2729
924 2569
-1182 2159
2639 5416
-414 49
-4159 -3552
1091 2502
-1150 5641
-5175 2695
5596 138
-5141 2790
2154 5537
678 5708
-171 -5711
825 107
-1270 767
-5351 -1546
-5210 2593
1035 2528
81 2683
1583 837
-779 194
1413 2292
-926 5663
1391 -5621
5498 1833
-1311 1892
5580 1125
-5582 791
471 5713
-4442 4137
1162 -5655
1651 1026
5569 1277
5050 -2941
4941 -3201
5092 -2832
-2794 -4737
-4824 -2759
-1282 811
1491 -5603
-1081 424
4357 -4191
-5067 -2335
-908 273
-379 40
-4411 -3287
-1359 1346
-4661 -2984
-655 2545
-5369 2060
4479 4294
-1977 5515
-5308 2284
-1238 5632
-5007 3132
2621 -5292
5392 2273
-977 -5616
-2247 5449
-250 19
-783 5675
2168 -5433
604 2655
1384 521
2987 -5147
-5573 868
-810 212
4527 -3971
3737 -4764
-747 177
219 2684
4942 3563
-3480 4935
5429 -1482
5443 -1399
-1159 -5572
-400 2627
382 17
3782 4898
-857 2437
5512 1754
-440 56
-1167 539
2486 5458
-1779 5556
-1989 -5252
-267 5706
5594 783
351 14
-4940 3291
4778 -3541
-5376 2031
1293 -5636
-2753 5282
-3191 5089
769 5705
-3067 5149
-1278 796
-2639 -4860
965 170
5422 2163
3214 -5044
3106 5247
-3743 4768
-700 2525
1528 729
5061 3300
-5316 -1666
-4403 4188
1490 2199
3166 -5067
788 2612
-1122 471
1167 2461
2549 -5317
4604 -3857
5600 360
-1722 -5373
678 61
-4456 -3235
1619 918
-506 77
5528 -812
-506 2598
-341 2640
-4951 3265
-1269 -5540
-879 254
-4122 4485
-2424 5398
1514 2159
2304 -5394
3066 5264
-5461 -1068
484 2673
2367 -5375
-3146 5111
1458 2244
1666 1090
1676 1763
4835 -3425
-1259 2027
5281 -2173
764 -5695
-1050 391
-985 333
2461 -5346
3445 -4930
-4847 3485
-4902 3375
-3328 5019
1196 2444
1546 761
796 96
-986 2355
5116 -2760
1602 1990
-1343 1726
-308 26
-719 2516
1448 606
3784 -4734
-4137 4471
4614 4117
3049 5271
4412 4373
373 -5710
-185 12
5286 2636
982 2549
-5273 2400
-1326 996
4284 4506
1068 -5667
-1127 2225
-5207 -1985
1034 209
3109 -5093
724 73
-1143 501
-347 33
-5484 1511
-104 -5713
-1588 -5425
1705 1599
1465 631
5584 -194
-2586 -4899
-5043 -2388
-2547 -4927
-1072 414
-1331 1804
1391 5662
-4282 4331
4371 4420
-5129 -2184
-4 2681
4700 -3693
2690 -5267
-2147 -5172
640 -5701
5022 -3010
-4977 -2515
-5026 3086
1603 -5580
1659 1057
3933 4792
-865 245
5475 1953
-5372 -1470
-1350 1181
-5553 -498
-920 -5627
-5472 1579
-4016 4573
-450 59
-3625 4846
-1091 5647
2101 5548
-4281 -3433
1709 1542
-4646 -3003
-173 5709
1114 2490
-1226 2095
-2375 5413
5601 440
1691 1237
-5533 1179
5554 1439
1614 1959
-5185 2666
4409 -4128
1865 -5516
-1030 372
1635 966
-4301 4311
2348 5493
-592 2570
-606 -5676
5599 292
-4615 -3042
-5351 2133
-1315 1877
-1517 -5452
1433 2271
3335 -4985
1 5713
1774 -5540
1483 2210
5449 2058
1214 331
4134 -4434
5016 3404
-4686 -2952
-4679 3792
1256 368
-5090 -2280
1568 805
1531 2129
-4956 -2552
-782 2481
889 -5685
5197 2913
-1096 441
-2597 -4891
5390 -1691
-1161 2185
-5371 -1474
-4488 -3198
4027 -4540
-4802 3572
2277 5510
5562 1358
5593 816
-5338 2181
645 2647
5499 -1033
1014 5695
1683 1186
5064 3292
4980 3484
1311 2370
564 2662
-4927 -2601
5231 -2361
-4728 -2897
1484 659
-614 115
-901 2410
3353 5135
-95 2676
-5548 -539
2604 -5298
-3293 5037
1792 5608
-2297 -5088
-5566 927
-2543 5359
-918 280
-1359 1531
-2437 5394
4241 -4321
-5600 452
5141 3078
3000 5291
-4704 3750
252 -5713
-2068 5494
-4641 3853
-3881 4672
-4202 4410
-1307 909
-5553 1031
-5182 -2051
5454 -1332
-1221 2104
3822 4872
37 2682
-1043 2307
1591 2015
-675 -5666
3136 5234
-350 5703
-5461 1640
-397 5701
993 185
5518 1717
1442 5657
4345 4447
-1237 667
-2128 -5182
4932 -3221
4677 -3737
-1140 2210
-5391 -1393
306 2682
1077 -5666
1210 328
5039 3351
-3772 4748
5577 1177
236 5716
-4224 -3490
1179 2454
1969 5575
-5082 2947
1472 2226
-5418 1846
5126 3121
-941 297
-4360 4242
-1688 5572
1652 -5569
-1591 5587
-4541 4001
5588 954
2749 -5245
4657 4057
5134 -2703
1400 2304
4991 -3085
-1358 1554
-1007 352
-3256 5056
1710 1501
152 -5715
-4969 -2530
4922 3604
-1937 -5277
-4035 4558
5288 -2146
-4391 -3310
-1162 531
4456 -4068
308 11
4973 3499
4870 3701
-5286 2357
122 3
996 5696
-2669 5315
5464 -1271
801 2608
-1337 1769
-1353 1225
4776 3865
-4611 3900
1677 1151
-1232 -5551
3908 -4645
4565 -3916
-1291 845
5597 183
1055 222
5586 -153
-1604 5585
-1327 1825
-65 5712
294 -5712
529 2668
2603 5427
5589 -88
4455 4323
5302 -2089
1624 1932
-138 5710
859 120
5234 2800
-5561 968
-5601 371
2201 5527
-5511 -797
-1246 2055
1200 5680
334 5715
2032 -5471
-214 2664
-2873 5234
-3586 4871
-5489 -921
643 54
5006 -3049
-930 2392
-5122 2841
3593 5013
-1302 1921
5505 1794
-5597 139
1412 2293
-787 -5649
5595 747
882 129
-5541 1120
1688 1707
-1323 1844
1683 1731
-201 2666
865 2588
5418 -1545
5057 -2923
-144 8
-4873 3434
-5331 2206
4056 -4512
1336 2353
1944 -5495
-242 2659
-2781 -4748
-293 24
-2956 5200
933 153
2870 5339
1608 892
-5274 -1802
-5594 607
-493 2602
-3708 4792
4999 -3066
4915 -3258
5379 2320
-1346 1136
1695 1270
-1850 -5318
-5580 -189
-1452 5607
126 2684
5597 670
-1839 -5323
-5590 -42
-4312 -3400
606 47
0 0
-4586 -3078
4542 4214
-669 5684
-1000 5656
1099 250
1074 234
-2105 -5194
-5160 2738
4886 -3320
575 42
-4241 4373
-5319 2247
238 7
1706 1396
2727 5388
-5594 47
-3828 4709
659 2644
-4523 4026
-4323 4287
4115 4652
1538 746
4662 -3765
-4827 3524
-475 67
-1257 723
830 2599
-4729 3707
2520 -5327
190 5
-1108 2246
173 2685
668 2642
-5330 -1619
703 2634
1417 564
-3971 4607
-5601 370
1339 5667
4668 4041
-224 -5708
5575 -355
5403 2233
-1185 568
-5010 -2453
-5114 -2221
3508 -4896
5558 -560
-5232 -1918
421 21
-1202 2133
-2199 5462
1826 5602
465 26
5508 1777
1282 2389
-573 5691
-666 138
279 9
-1361 1409
4460 4317
-5404 -1339
1184 309
-4930 3314
5475 -1198
-64 -5714
423 2678
407 5714
5182 -2539
-1068 2284
1552 5645
4261 4527
-5081 -2302
-5421 -1262
-2193 -5147
5590 909
-5589 -59
-1354 1242
-355 2637
5579 -290
-4507 -3175
-1225 636
5517 -897
2783 5369
-5541 -596
264 2683
4700 3992
-4752 3666
5336 -1948
3297 5162
-1051 392
1684 1192
-356 -5699
-5171 -2079
3647 -4818
3946 -4614
4200 -4365
1689 1702
-1360 1373
4811 -3474
-1234 2080
1273 384
1981 -5485
1667 1095
85 2
-5483 1517
3838 4861
5594 59
1908 5587
2028 5563
-1000 -5611
5439 2097
-1186 2154
-5435 1767
4514 4251
4439 -4091
-49 2679
158 4
529 -5705
1503 688
-523 -5685
-5504 -838
-1893 -5298
4492 -4019
3441 5092
-4262 -3453
4786 3848
-280 2652
216 6
893 2579
461 2675
1793 -5535
45 1
-2743 -4779
-2696 -4817
5545 -674
3977 -4587
4082 4678
-607 112
-4747 -2870
5549 -641
-839 229
-1134 2217
-763 2492
5544 1526
-4153 4456
-606 2565
-1314 938
5084 -2853
-1658 -5398
153 5715
-5446 1714
-5254 -1859
2427 5473
1699 1309
-1212 612
1160 292
2178 5532
4097 -4472
5537 -739
5106 3178
-2050 -5222
-444 -5692
2856 5344
-726 166
-5566 -357
-1897 5532
-628 5687
-2452 -4991
-2655 5320
5468 1983
-962 314
-5546 1083
2948 -5164
1514 706
4167 4609
5574 1215
-1788 -5346
-2391 -5030
2911 -5180
1706 1585
5524 1674
1293 407
-1398 5614
-5410 1883
5175 -2563
-685 2532
3819 4874
-5254 2461
1815 5604
-819 -5644
4031 4718
57 -5716
4098 -4471
-2682 5310
-4467 4103
-813 2463
3236 5190
4813 3802
1668 1794
1610 5637
1220 336
1434 587
1254 5675
-4855 -2713
1713 5621
4643 -3796
5581 1104
916 144
5552 -615
-5588 709
-2345 -5059
5598 624
-139 -5712
4717 3965
3891 4823
-5585 -122
-1140 -5577
732 2627
4965 -3146
-317 2645
-3537 4901
1372 -5624
664 58
-5054 -2365
603 5710
5364 2373
5023 3388
5598 232
3384 5120
-387 2630
4212 4570
1256 2406
1498 2186
-4771 3631
3818 -4711
-4190 -3523
4648 4070
-971 2366
5200 -2474
-5510 1342
759 2620
-2306 5433
1670 1111
-419 5700
-99 4
3680 4963
5268 2695
1710 1500
5366 2366
3247 -5028
-2990 5185
-1074 -5594
2821 5356
-1299 876
1703 1352
802 -5692
-4580 3946
-4315 4296
-4786 -2814
1707 1416
-224 16
5367 -1808
1385 2317
1362 2334
-1283 1971
748 -5696
4725 -3645
5314 -2040
1236 2419
-1355 1607
-122 2674
1642 992
1694 1676
2674 5405
972 -5677
1401 543
-624 2558
5592 -17
-2910 5219
1006 192
-1082 2271
-2138 5477
-5475 -996
-5524 -714
-844 232
1464 -5608
-4069 4531
-5234 2522
3554 -4871
-571 99
-1355 1262
5585 1019
759 84
1041 5693
-1338 1071
-696 5682
560 5711
1452 2251
523 2669
1709 1457
1219 2430
-5522 1257
711 -5698
5123 -2738
-5446 -1144
5581 -255
-2610 5336
-1414 -5490
5244 -2313
-844 5670
4896 3653
5156 -2628
3984 4754
-1007 2338
-4426 4158
-1348 1687
3175 5217
-1357 1303
1629 1918
3723 4936
-5533 -653
5591 881
4999 3442
3286 -5009
2235 -5414
-5497 1429
1657 1831
5175 2978
-5432 1781
1702 1341
5574 -371
531 35
2192 5529
-157 2671
-1274 1993
1559 786
-2816 5257
956 2558
-3679 4811
-5073 2970
828 5703
-1467 -5471
-1321 969
-1516 5598
-2472 5383
-5574 -268
5320 -2015
5326 2502
