1000
-527972426 -670577622
878502001 -387465887
251263072 -781530497
-853954408 -583082000
-769399469 -505745678
-129283302 -417659959
-352808972 -430246191
219886946 -800596228
652814103 -294264025
-421276344 -677366635
651801630 -532370572
352447876 -712646580
-441541536 -684056753
-842728937 -525717847
-159603765 -759412867
345745735 -320880777
601101083 -198268626
921495342 -348221889
500407399 -617932427
783499537 -209344695
808993672 -230883326
943376117 -333307036
717001682 -499833311
-350975180 -722359705
134121918 -799064349
-624020990 -706351546
-605768946 -492189391
-732136802 -510595797
439699583 -256051639
-770178693 -500109624
-524163306 -698915370
221856228 -800134502
-306702067 -740988196
-857505117 -619369082
492799416 -631862640
281383850 -764233671
-476755273 -460953260
160722257 -805424282
-333601046 -433944044
694735672 -513999362
274621679 -764188228
-684018290 -679422485
-136944133 -351121714
-306316677 -725851881
-788654434 -510517670
-556498550 -447430889
716007521 -482706517
-920446435 -531760518
838690530 -231535655
449457827 -251901560
-768037598 -622706519
642345787 -518751924
-232380761 -731676034
-276637434 -720249831
492421802 -619094140
5801639 -784110109
372660366 -283479847
953674355 -276498573
676282785 -204402513
627518175 -550083421
-493034779 -709352882
-203394729 -428645414
672978289 -498248596
-812337121 -663043009
-683409884 -496960762
721622764 -317009052
-876832723 -524047173
242862408 -784946514
367183212 -710958690
364084333 -714526205
739104792 -461471390
118830152 -346483137
444375566 -654414084
717180329 -472469617
472608725 -644139914
784838495 -458757307
775463452 -245408216
-508429142 -714392854
519539016 -615719671
-902703262 -643366079
150022007 -803460955
-48080716 -365355266
-855175232 -652295763
486639991 -287220096
782665303 -453054491
-643895212 -704374632
50368565 -791310914
-149285422 -394271382
746330113 -456057893
-173617221 -742709612
-994671742 -549279430
871075440 -377892355
-784177649 -635518514
366012002 -711251179
-936123661 -595136993
-642804395 -669253862
-703067167 -691344003
593069722 -276615761
-572952093 -484963029
-276375039 -747239286
-442745419 -723174805
-917011925 -598491824
140050111 -357492238
607106298 -558895248
727592317 -487542045
890457454 -354675825
-286782903 -748106913
372889005 -699916801
35033047 -364778670
-815431555 -619325833
71224710 -791512176
38084473 -786979158
157759183 -806045614
683929802 -496118742
-771886060 -624496636
292465267 -756026377
642537286 -525736975
620432845 -293170959
438378299 -222401741
-624059127 -690543942
75850740 -793172557
-914339880 -574545605
-538817658 -680819251
437950654 -659700621
-677326056 -475693292
427721403 -671916393
-3239530 -778358811
-987497785 -556528078
662933735 -512651513
477044877 -629512198
443008201 -655163402
737285001 -471867346
-414250715 -445879384
-683735186 -661936974
-991199860 -551274033
252247401 -778809404
205312177 -810001617
-643577470 -647654331
-332317713 -706325796
863961822 -380105621
-866666663 -680046560
18171979 -773602465
945536685 -264947723
710961160 -491737630
33595449 -788804912
972314867 -305191241
-827582842 -683406009
741177123 -251026678
-678216811 -485512845
519257427 -332841803
-229444180 -375254846
-597420659 -484218412
-607953414 -634843963
531189417 -227192724
-229143961 -758312801
286707555 -264811696
-174643783 -391944718
873148572 -373741253
-390151299 -730575439
961968510 -311998772
-794791418 -677350425
-629531873 -667352582
241483472 -786646962
-352403738 -424402196
389629938 -247264388
605664888 -544033843
-206059401 -761776802
-211649090 -727745281
979733945 -271828763
-618926627 -658183576
-339374936 -732479465
973294289 -269270203
-57656770 -346189185
275429691 -767717855
-941971349 -536468998
-74062033 -383616308
-135218562 -400090261
-813061648 -680669077
-151592134 -738511188
782321831 -452554982
604147916 -554557567
351813042 -721582877
-898767404 -645552558
-716261968 -496893852
690369061 -511759565
-55946101 -393811612
821413251 -422368358
-158627837 -399238174
230083749 -794531516
999733927 -280245213
956933632 -312518818
124140789 -299223863
842021789 -391351646
913566994 -357727458
868259332 -386742089
491886273 -634702128
531173978 -608289726
-263487121 -720245566
-632656618 -470221696
975375244 -273288651
-435852401 -680968303
-54330253 -772208102
380485779 -703468884
-408867570 -730901641
826317269 -419608930
-945553268 -563454036
926990479 -335029978
-606864904 -679736980
-948738745 -587999598
113280642 -800568090
-474439625 -689932991
534816486 -599218732
-468450404 -448000809
234260549 -791935943
179376556 -341603716
119704045 -795621084
-773574702 -640355456
-243468363 -437356804
134968498 -803151732
-17712835 -400183814
-459222832 -728112540
317843517 -739900130
422467519 -669611811
942447719 -323832533
-904000847 -580391500
956837020 -314039898
-208155379 -744152943
276134085 -334412311
923167740 -347408693
871166998 -283155950
951222053 -315698461
684835821 -504364582
-403310710 -450452742
513841054 -611481286
614727127 -195770328
636237506 -549183763
289232246 -279133549
299164212 -751472905
-390865036 -687746058
-500426493 -725083779
-112474188 -394989046
250948458 -779958837
660691838 -507921199
-943622335 -568477366
-86818265 -757726848
773292189 -271169734
-372435409 -733442366
692858001 -492294962
895122629 -380080121
-673282672 -490807821
407472232 -228087880
316873099 -738173033
907838990 -358028010
263466766 -330637355
232759272 -793031831
509178651 -318430766
-691266948 -648541362
500595585 -622409960
-184387745 -390949755
-548046742 -468615504
-829950264 -512794485
999999999 -280046561
318226479 -740607284
-549349649 -459348659
-330550530 -408304242
912917522 -361013959
302257807 -746578677
-135819739 -751720682
188754726 -811457397
-884213964 -529810924
635859948 -536695119
-22249564 -776738725
357223777 -238690683
-11085591 -400686648
-151509349 -359058174
355242740 -715941551
249948308 -780546392
-423349144 -687267406
501580739 -622475161
917395714 -268454796
976996208 -300701098
-844383150 -668292416
873121721 -295055799
627452233 -547338728
682231718 -498783758
-64044736 -769194173
-562933483 -700438449
32129563 -323681465
430820606 -663193412
-78484748 -767007818
-759939810 -619105246
-742629836 -662719113
-841184626 -608126291
340148117 -726840782
-636885404 -664851127
609149263 -252921343
888858745 -286690545
-45093260 -759172697
390051779 -695930708
129332746 -320156737
-938852191 -535766271
405346164 -325854709
716673448 -280056484
584212075 -562815294
47570408 -781332990
430967740 -324686364
735447472 -491336426
793963595 -432630258
-896230686 -582462145
385547785 -693754015
443393682 -306866055
642971808 -523007166
971565916 -299169170
960171755 -318203366
645223010 -529127144
519638881 -288167672
968486207 -279622210
-718494036 -489119491
-291968496 -741260843
-64532991 -369663773
428534599 -669426959
-365359080 -712445332
426791699 -667775579
541034977 -597705845
523485126 -598296262
-777437070 -612287087
761402159 -461773308
-941441829 -590197345
742783366 -468581401
-781088788 -665583914
475493610 -642314286
323141920 -736270066
76146230 -341329908
423523956 -674675313
46959273 -790332053
-741243664 -488207876
119941920 -797111861
860027928 -227118623
-14505950 -781722474
424379897 -673838549
-532518348 -661309342
222143092 -360274242
339011224 -728384828
788498353 -178218433
840766218 -293399007
-518465292 -722746467
-972679748 -561445173
-378981224 -686424579
-334888243 -714623772
-377989664 -689556992
596734146 -221218748
659322623 -530025543
-709042709 -639571313
733333333 -146713228
-840170828 -670556102
-46354873 -768923522
-433555236 -435436354
-107172673 -745369479
838515259 -424979974
249546521 -781490777
336828446 -728202901
387856901 -699759259
576442193 -566421533
-370598017 -717223097
734747471 -464838004
836419771 -285890522
617986012 -559401930
-165651789 -419676401
-982487503 -560548634
-799073436 -508077345
-228868686 -719638439
796308454 -454468494
282617053 -758920055
-250190632 -406572996
97075293 -793300661
-646623259 -628586705
-810330777 -595430667
-508246141 -716723569
275879406 -360218223
759437526 -449649035
-233568836 -385169419
988053906 -290256940
-545941167 -678606998
453272197 -655431760
422173731 -671086076
885873225 -376705148
-341168455 -720878040
485670608 -260346123
-557001851 -648425173
816505397 -418873685
-963311957 -538390381
-288217435 -718102179
772573029 -261020338
-971667645 -566104375
149527095 -310036321
166775063 -342956494
-900105037 -529091812
971252015 -271575230
689858040 -502622681
-721382437 -487479790
439376255 -283359288
-917922445 -597309906
-892980083 -608401776
-534807488 -717892969
-369657438 -411126515
-556461150 -711214112
-551624743 -699331858
847503949 -281272152
44068635 -316131852
344438424 -298563617
633248590 -544509603
-794893822 -674051628
-67666279 -778518771
191788180 -811694875
-959094414 -567921276
443425710 -665885150
-326247793 -738177276
-419745966 -726179458
207915302 -296474895
703802109 -488536635
-337918329 -730454254
-395439511 -416249790
-814169419 -662696902
-650506070 -655247182
729696076 -478812112
-48747330 -769938491
294015132 -752939421
-376512962 -458274442
519122026 -616506811
214079104 -804481442
-412404187 -716094750
479506655 -645183387
53965478 -782968622
-145715791 -739636710
482224968 -311567859
959642180 -309726874
488864716 -229884307
224758825 -323098207
102482746 -792506888
-874822358 -605007624
-161002529 -759535757
480022850 -642101235
-463399189 -444183150
-663836956 -490932296
-194697024 -738910372
831247954 -433386766
792509860 -421556983
-746688158 -651186756
867037134 -255739665
-900601859 -526548801
170356818 -808823909
-187595774 -395798890
-509000568 -467970938
970892155 -274624158
-443640490 -711010826
359965950 -711749281
206735475 -809301245
528612931 -610906821
-610797766 -634548232
-364101026 -440569462
507399558 -612681051
633500165 -181004348
876968663 -371667625
-486217385 -699872094
-165909519 -742554755
532097726 -601946638
-650917995 -650601704
-680648153 -488647635
134163604 -800012940
647175243 -518120538
-373559345 -411840187
407223711 -675623547
924646601 -339447276
906828302 -351396468
-613304980 -639464256
-35649650 -767878624
-694224617 -486594861
663062810 -518728662
-74544757 -776248191
-282671994 -736722043
579686261 -206683535
198756323 -316548676
816351759 -198474715
-897443592 -607861087
-913368729 -532077616
337197308 -727953826
-285947248 -436126303
644547827 -534377231
884833383 -387755501
-865487212 -580516811
478366030 -642572911
-984932535 -544094120
83861790 -393415707
819757242 -233024613
-890115715 -646149175
255200892 -327587296
-819101066 -619836030
879099257 -400652871
-446366576 -714818908
956449267 -313259007
242345355 -787034813
-685066856 -640736432
-701347051 -683502747
-42889675 -760732896
901779181 -354796143
103308010 -357578843
361201903 -715809283
-172251499 -741063122
469106464 -637354012
695986170 -213930797
-174913101 -763963449
-685785353 -657846479
346791116 -244819584
-721720437 -498108921
903917272 -371068033
-835523156 -652042775
386710387 -700633946
642367474 -545808859
-814537954 -634371435
895731972 -265975719
-489212449 -685911374
90757440 -798884360
32409712 -778764363
855694790 -390412429
-22989980 -394039508
500243730 -312906888
-621713785 -649527580
-638905485 -637303620
7778105 -387603357
-279404429 -398691377
-740280504 -691552815
-240943617 -752406476
-244659026 -756192431
-653461342 -624536984
-547369749 -476595180
-520329541 -708604321
186697946 -811395473
-953918612 -569976480
-420271101 -465955525
-791512009 -501183419
-533482407 -715182062
590202816 -222534646
746621469 -452144230
173850994 -809579960
-868714377 -646482357
607028096 -568065573
210607479 -806498793
837933140 -404267795
-162597836 -367687562
863304522 -279326527
783409069 -426619272
-944797873 -537476475
-954379601 -538033244
333812561 -731738330
897787360 -352605620
823629032 -411805066
806110210 -226314879
-844239822 -517212547
899580552 -366627496
260288791 -773345518
-796111988 -615553057
-202448784 -743957994
-227826878 -412638858
708796552 -494632978
171148284 -286734019
-326867276 -724356684
-585409809 -657946849
-479365417 -680257768
-900968641 -643264365
557651867 -587542090
773008862 -433325643
817805180 -401759623
-228028764 -727366199
999907101 -280116344
-985424470 -559040624
-725755344 -497929544
-1480129 -771165379
-848056640 -625466425
231885296 -264058759
-241287584 -754240475
635315 -405597354
-989251656 -555236723
731823019 -265393093
-904969000 -582004048
-637401392 -476532278
840143684 -267739911
-194073194 -762607149
-62408920 -348198189
407812240 -682354860
492458801 -619344105
238702960 -789139146
-510698155 -693811601
-710040957 -648906616
992480941 -277737973
-884743274 -586082577
-570793619 -472735340
-378011378 -725666286
62257106 -389980661
-165057721 -372342901
374342513 -699666810
-396814387 -728400667
-986794728 -554352724
18130256 -319246782
660201149 -189008107
-214870890 -742520430
399457564 -692316974
273006537 -768856485
615947729 -185457150
743990803 -283056966
36594973 -312476557
426331457 -676949218
-55034530 -773977866
981755464 -282334837
326008360 -346033139
-395091645 -708827898
461426059 -318888512
-345918764 -455969360
-756337546 -689786240
358373857 -714003478
-62874539 -374408502
657825331 -513798627
-944516904 -593726241
794607592 -424247986
-551536530 -676692503
177927912 -810280278
640592473 -528347890
-414258586 -679300925
-953923455 -588690639
660787060 -259903040
491633227 -626072500
400443104 -689600692
172789909 -807658061
187354984 -811381759
-443219047 -722002384
596368281 -571026272
417849475 -674327806
-983330108 -544023774
925560 -785257971
217941162 -335945355
544285694 -601818112
-323373912 -420603869
-979869593 -566569440
893020347 -251161144
554074078 -588260439
917410484 -264756262
-927379296 -572198906
-323808249 -396122232
429209007 -667282708
-153263451 -743283503
-727337572 -509480917
25971470 -784165560
-378059114 -695385129
-882397200 -520075250
-416321596 -735292411
582873401 -583475180
-393167343 -454186900
-787407096 -516576165
653531185 -222327301
-840983548 -670529633
-211266593 -392042107
-458445281 -453367057
436305747 -665382764
-631121825 -649760649
975971492 -299684322
345283366 -346711567
-939664214 -574122640
-410397642 -729672558
21670451 -782444354
-336789758 -734112016
-508026966 -437449395
785656166 -429899806
816753384 -404583220
641707027 -232815712
120265441 -799408553
-907339111 -531818817
911986773 -354726885
-999999996 -546713227
22555924 -341229239
244340000 -783862470
-872390273 -651832518
796371853 -454087236
598646119 -268968477
191425696 -811514625
388603414 -697209805
968983977 -278049790
-826131830 -588239337
206245416 -809321941
808099685 -437804409
524692728 -223690991
967845823 -311591743
960367947 -310155089
-130201288 -755041881
917515152 -281911685
-748293003 -658147710
-698303300 -488039469
2663483 -341678100
48473416 -790504946
534282040 -208530623
226652728 -347554171
-626185447 -471619080
-791559571 -513504524
80694514 -345059629
-262761888 -747816521
-916960447 -615231853
-937087940 -535169196
363241842 -705993328
199563555 -275186409
869047715 -386256436
486141886 -628197346
294079015 -756352462
805256043 -423173265
746232378 -477461520
277648325 -762411723
-378472792 -414197306
447643376 -648604541
729468980 -210056205
-417870902 -724042065
-710131554 -662150158
-93171781 -755519520
538464887 -587926101
681000638 -269884607
-53004673 -763159494
286261069 -758716205
466817031 -648053319
-638924857 -655943991
478608380 -636222027
404987490 -684185333
316928580 -743081461
-121106978 -769734899
995861660 -279768369
-923315107 -603643397
-733521210 -642529643
902465720 -362099108
650403255 -530302819
463805274 -641699261
169887561 -809555348
614042970 -543390817
565652801 -580650285
-92360468 -751128976
210679545 -806917808
694569419 -494465943
71640200 -381322695
-508981848 -437760048
-606994291 -464605537
-502601607 -719045921
615290123 -539387886
-151719101 -738794482
-460954408 -670019003
-754029577 -613026211
-925738789 -604468053
-531605823 -658104187
766302771 -231170855
744715081 -455434239
931543685 -256898029
770854197 -453235830
982514948 -292316093
995446421 -283405714
-855559066 -655231922
-611156795 -660979676
-415255302 -698740686
474825789 -630517674
627970784 -528644753
-707534011 -507415623
312165037 -360040095
-752427464 -641395900
866666666 -413379894
733558360 -486066413
-150415329 -741561752
-853085953 -522966939
-9114341 -770978597
-863165384 -632006237
-782071080 -517172554
973737638 -269804620
785031013 -423759868
-752658807 -662462799
-786245904 -499234347
-965337845 -541502556
-234405102 -424806205
-407861044 -687311209
712251470 -501672558
659948443 -224343258
-385707398 -710890573
842700815 -269990857
411207140 -680244127
433878948 -668422402
-246237910 -427791266
27639083 -780363933
-701890590 -484101187
723060275 -245910582
200000001 -813379893
954979440 -318291849
112234082 -311647484
822977681 -433077138
621001276 -543186022
-375008118 -694647590
506155673 -623426987
775810815 -183508079
-750447105 -625253924
864185741 -222984626
-722655629 -652137748
-292810425 -709102970
-524163351 -677256511
-997025016 -549592238
806590382 -434974467
-79794286 -766007202
264477083 -771970371
564629575 -580553141
822462062 -414380783
24267686 -779423650
-611057433 -668828820
925824897 -255032243
-133306089 -761883311
312829005 -745522570
329451698 -730913482
-530765595 -713559318
-277292853 -426404296
-209809989 -425099913
-317507414 -740257072
822826416 -409974700
764742434 -445159313
156300205 -804062752
599835260 -565512892
119901129 -797678850
630943574 -545292282
695518334 -498022440
71153115 -790902996
-180999108 -760323865
774931152 -461066258
568638237 -570395361
146095959 -386407475
725563367 -496425760
659474272 -197320780
-106291437 -384473541
464525879 -651280429
780406403 -457740829
-455507791 -454192906
-528376903 -663807157
526304779 -616904941
-383699397 -691420808
222894050 -328813565
709692242 -493821602
779650357 -428135814
870624849 -380349806
950559908 -314600401
-662542292 -637262041
-286668190 -726419837
64610467 -355666889
964675696 -309674331
-775274254 -598449734
-753088234 -677394405
-756154076 -510301545
649776175 -525484721
556180486 -326028912
-720114870 -697831864
-235679331 -719625535
-112966742 -348768954
493749581 -617795200
970646367 -300817717
-767477195 -647408206
476780313 -215487379
-992559121 -552501845
309120360 -348529924
885194470 -230742971
82164888 -793219343
-560692759 -644913933
458771196 -653930071
-472513945 -685321188
-634014210 -696491776
-558909817 -645802147
375175047 -291417213
-620143628 -460250717
-589408746 -668594534
912618140 -256310428
-10819672 -766959331
93009705 -790519242
-469501802 -459998808
141628254 -374515729
-440969772 -684950803
-158719342 -760266061
-342203706 -729483002
-734576003 -501799292
-335296132 -423500115
-145055701 -388570079
-123682155 -767976532
-721862697 -507004321
882334302 -244477396
-89081791 -764897300
-576060106 -464318624
37842158 -781439255
-232754321 -410986668
-96749873 -770049216
244030169 -786785676
172386679 -807258439
432661248 -333076954
880630189 -392911957
433981768 -671145032
-420855356 -423414855
201565615 -812347003
119915547 -802254650
-985012098 -553876892
540924002 -234182572
444784176 -659743034
-846422068 -625458197
-497951832 -454919827
402582121 -686054777
-985680300 -556328530
822195328 -193856313
634509084 -524162732
-922277103 -530416792
866774528 -269094252
260185909 -775091921
582313842 -559229255
503839328 -623896336
-460882980 -720586689
445175793 -662507297
522376899 -604902802
6579053 -335898226
912461833 -365457630
-562420350 -678452851
34523610 -319109366
-782059782 -498003541
-492716157 -671896531
857958954 -390401359
918270484 -350090950
-448661971 -717801293
-619577642 -707933939
-529008142 -678042402
-948068201 -577451840
412819258 -674263284
234680725 -790415515
844670425 -251097136
485379189 -627095245
-391532735 -688903430
15415440 -783851084
-895583920 -524291038
154129160 -806049637
467654291 -642804574
215601405 -803541834
-18171356 -765410698
-387036790 -454716861
603354158 -557528169
114599097 -380197641
-359711476 -456073727
478036617 -629440769
-416607424 -463351694
96749151 -798901644
-482258299 -690078521
-129060956 -757868876
591201541 -576785344
-519869745 -709512722
-647545203 -495698598
544728759 -590460447
391649520 -695854757
-386430952 -419420517
-828713799 -678216842
-874550036 -622057448
-432071382 -467862285
-755847881 -621245943
904202257 -358743938
-694308307 -499290033
-812203052 -612860330
-928522070 -581266135
-499577362 -441348101
-996920642 -549197762
145037400 -804780840
427717349 -665790069
-570998193 -655686712
682240306 -508346425
216611909 -360356797
203737428 -810989951
564532908 -269878474
-770523964 -660640319
-847565070 -524374420
-370148690 -454254441
799661689 -442268836
592863796 -552981273
897188194 -372032164
-731629999 -493134953
60503893 -789540584
-397559418 -442174772
-791002474 -628035717
605470899 -562524681
-236654300 -409395790
470174647 -644286898
24577228 -786482001
150364008 -806360620
712681113 -480790616
-653645538 -657463217
56989977 -785344240
404419735 -687614019
-905069081 -588213056
-769334686 -637255443
-543073617 -709220684
-479425820 -428130447
-660235947 -697145792
-814182631 -514786943
744016217 -238466248
-937989890 -561858474
-738250582 -491525957
-715064390 -671809028
