996
500004311 -499999349
499995528 -500004324
160 500004385
-500002749 -500000746
-499998629 -500001288
-500002571 -500001322
1586 500002772
-500002579 -499999901
1632 500001714
-1306 499999484
1957 500002266
-500003862 -500001423
-3413 500003537
-3025 500003357
500001275 -500003374
500001833 -500002865
-500001449 -499995857
500001506 -499999450
-4804 500001229
1325 500000978
258 500004665
500002652 -500003781
500004941 -499999659
499995231 -499995938
499997200 -500004776
2083 499996590
500000841 -499998943
960 499998814
-4411 499995802
3708 499998718
4338 499996539
499998273 -499996740
-499996635 -500004750
499998358 -500003164
-499996923 -500003862
-499997842 -499995831
-2242 499997576
3233 499998044
500003691 -500000687
-499995628 -500001609
-1195 499995316
-500002332 -499998328
-499996084 -499996841
500003405 -499998197
-500002914 -500000092
-500002580 -499995397
1279 499999824
1401 499995714
-143 499996579
500002392 -500000992
1544 500003125
499996149 -500002377
-500003463 -499996742
-499995313 -499995672
499997817 -499997941
-1475 500003837
500002063 -499999167
500004036 -499996375
-4229 500001700
-3105 499998125
499999986 -499996807
500003415 -499998333
499999128 -500000045
499995546 -500004519
500003713 -499995161
2808 499999426
-500000085 -500000887
-499997398 -500003206
3799 500003894
500002977 -499995883
500004568 -500003997
-500003682 -500002989
-500000271 -499998699
499998073 -500001601
-499999656 -500004894
2099 499997883
528 499999980
499995409 -499996281
2629 500002446
499995764 -500000542
2425 499997650
3250 500002085
-499997939 -499996829
499999848 -499996460
-499999124 -500000014
-499995972 -499998089
-499996206 -500002492
-63 499998008
-1150 500002042
-2332 500004446
500002230 -499996360
500002392 -500002128
-500001495 -499998989
-3748 499998310
-499998768 -499996267
-500004159 -499995874
-4290 499995183
-499997031 -500003901
-500002192 -499995654
2088 499996599
499996777 -500000277
500002982 -500004896
500004473 -500004801
500004018 -500004473
1882 500002777
500003946 -499998757
-499997878 -500002531
-499997318 -499995842
500002786 -499999081
-499996880 -499996117
-500003056 -500001985
500004493 -500003070
-4611 499995646
-500001664 -499995049
4432 500000482
-500002600 -499996655
499999365 -499996695
3735 499995753
4204 499997637
1031 499999616
499998609 -500003892
-1937 499996054
500001592 -500001591
499999616 -500002959
499995655 -499998882
-942 499997321
4601 499995146
499998155 -500000393
500000975 -500003369
-499995284 -500001959
-500000838 -500004983
-769 499999498
-500003188 -499997261
-499997551 -499999732
499998352 -500004351
499997202 -500004954
499997120 -499998607
499999058 -500002962
-2653 500001975
500000514 -500004803
-500000948 -500002037
138 499998948
-500003494 -500000237
500000488 -499997149
1565 499995564
500001302 -500002584
-4175 499995559
499999870 -500003705
-3233 500001757
499996536 -500002951
499999870 -500004204
499996008 -500001228
3369 500004690
-3621 499997684
500001294 -499999374
1672 500004886
-500004736 -500002551
499999008 -500003917
499997056 -499998905
3686 500002697
-500002998 -500001213
-500003041 -499999590
499997759 -500000227
-3865 500004952
-2522 500004695
-499996815 -500001564
-500004644 -500001789
-499998781 -500001718
-3118 500002603
-2349 499999335
896 500001204
-499998352 -499996174
500000153 -499997417
-82 500000142
-500000455 -499997001
3008 500001659
371 499998008
3001 499995975
-499997019 -499997409
15 499996582
-3745 499995493
500003809 -499999892
500002540 -499995899
499995961 -500004883
1722 500004694
-499998002 -499999585
500001131 -500000176
1568 499995690
-499998685 -500004668
499999402 -500000573
-500001070 -499996480
3147 499996217
500003894 -499995361
-500000372 -500004734
-3972 499995240
-500001161 -500002789
-500004830 -499998680
-500002277 -499998167
-499997531 -499998388
-500000170 -499995806
-1519 499996553
-499998075 -499995320
-4005 500000849
499999722 -500001553
-2489 500002372
-1694 499999726
499997941 -500003622
-499999876 -500001054
-1013 500004639
4435 499996230
-499996686 -499997132
-500003449 -500002803
500002366 -500004440
499998326 -499998448
929 500000048
-499999407 -500001813
1066 499995737
-500002446 -500004196
1747 499998353
-499998470 -500001767
-595 499996123
-2305 499996139
642 499996110
-500001002 -499995139
-361 500000777
499995231 -500000446
-2838 500000358
-499997313 -500000521
-500004878 -500003550
499995753 -500004019
-500004634 -499997499
499996133 -499999605
500003647 -499996677
2753 499998348
-500001460 -499998895
1055 500004225
499995037 -499999006
-499999774 -500004714
-1361 499997052
499996057 -500002058
499997536 -500002058
-500001644 -500002151
-297 499997859
-948 500003251
-4820 500001528
-1700 500000580
499995756 -500002124
2437 499997570
-93 500003405
-500002375 -499998079
-1704 500004024
1422 499996002
500001322 -499996632
499999286 -500000544
-4141 499999993
-499998870 -500000768
499999084 -500003973
-500003968 -500003176
-499999272 -500003538
-4523 500003174
500002664 -499997992
3662 500004015
499996791 -500001920
499995383 -500002984
-499999726 -499998482
500002086 -499996923
-2531 500004913
2438 500001747
499998901 -499999118
-499996549 -500004680
-4983 500003224
-449 499996145
-3266 499998919
499996084 -499997608
-500004281 -500002772
-499999639 -499997551
-499996938 -500000496
-499996753 -499996565
-694 500002766
500004985 -499995791
499997194 -499995747
499995142 -499996526
499996826 -499995873
500002252 -500004310
-499997426 -500000329
233 499998314
499999437 -499995078
-500003084 -500004455
-500002296 -499997906
-500003330 -500003087
-500004137 -500000347
500003728 -500000744
500000755 -499999736
-499997670 -499996617
500002776 -500000962
-500003502 -499998928
499998668 -500001304
-1403 500004601
499999816 -500002101
1045 499995682
-500004797 -499997815
500000982 -500000328
1434 499995145
500002673 -500003422
-500001944 -499996249
4486 500003761
499999864 -499995918
-500004581 -499997211
500003249 -500003433
500002162 -499998537
-2050 499995057
-499999418 -500000390
-500001760 -500001936
500004839 -500002766
3908 499999025
-499996304 -500003054
500003040 -499999668
499998563 -499997643
-500000525 -500000856
-3148 500001736
499996667 -499995098
4473 499997983
-499997777 -499995431
500001123 -499995970
4992 499999917
500000084 -500000802
2535 500001115
-500004073 -499998538
-2287 499998421
-500004862 -499995663
499997278 -500003505
-3445 500001667
-500001010 -500003548
-499999455 -499995803
-500004964 -499996716
499998737 -500004471
499996205 -499999619
3326 499995427
996 500003084
-499999466 -499996694
-3316 499995771
500003047 -499999110
500004879 -499995389
-401 500003582
-3001 499998386
500001972 -500004362
-499998770 -500003275
1342 499995245
-400 499998328
500002501 -499996938
-4631 500001467
-500001681 -499997439
499999299 -500004990
-499998371 -499995664
4451 499996733
500002874 -500004480
2614 499996049
4884 500004766
-500003016 -500002443
997 500002936
499998554 -500004398
500004377 -499997052
-499997532 -499995273
-499997386 -500003040
-499997367 -499996579
-500002712 -499999198
500000446 -499995432
500002237 -499998606
-500004190 -500000365
-499995672 -500000165
-4722 499996596
-499996826 -500001549
500000710 -499996944
499995502 -500000042
500004410 -499995237
2077 500003981
-499997012 -500004237
-506 499995636
-500002237 -500004648
500000543 -499996000
500003643 -500000595
-499995758 -499995676
500000114 -499999712
-500003800 -499999789
-1828 500001875
4427 499995792
3234 500001069
-500000197 -500000699
-499997647 -499997583
499999107 -500000419
500004731 -500003867
946 499999020
-499995280 -500003937
-500002214 -499998369
500002542 -500002187
-499995637 -500001842
500004783 -500004403
499998522 -500001836
-500003420 -500000466
-499998253 -500000983
-500001217 -499996067
-3266 499997001
-3814 499999599
-499999011 -500000318
-500003661 -499997602
-2929 500002918
-499999867 -499995598
-499996601 -499995709
-500002500 -499999756
-499996907 -500000651
500002008 -499999690
500004773 -500004049
-2311 499997197
-1357 500002774
499997162 -500003948
500003825 -500001267
-500003809 -500004644
500001508 -500004328
-499996723 -499995365
500004055 -499995751
-500000606 -499999359
1351 500000918
-500003437 -499998828
-4535 499995563
500001521 -500003529
4247 500003402
499995508 -499998654
2510 500004135
2585 500000748
1376 500001312
-500004344 -499996875
-500003875 -500000329
-499999895 -500003025
-4601 499995352
-499996074 -500001066
1763 499995843
1814 499999840
499999335 -499996311
499997653 -499995941
499996402 -499999105
-500002066 -500001386
-499999679 -499998054
500001065 -500002046
500003025 -500000632
500001612 -500003654
-950 500004111
500000972 -499996633
4977 500004472
336 499996926
-500001116 -500004663
499999905 -500001964
-1146 500003261
-500002626 -500000471
-1268 500002850
500002923 -500001747
-499997864 -500002852
-500001547 -500004420
499999778 -499997979
500001849 -499995701
-500000583 -500004394
500003398 -499996963
499998093 -500004416
-499998897 -499995438
-500002655 -499995506
-336 500003763
4168 499998439
499998264 -499999885
-500002198 -500003562
-499995738 -500004197
-499999792 -499997674
-500003539 -499995684
499998297 -500001702
499995946 -499998048
499997487 -499998071
-4346 499997401
499999601 -499997889
-499999545 -500001201
-499997266 -499998086
499996850 -500004741
500003717 -500000807
500004788 -499997100
-500003793 -499998066
-500002680 -500002901
1090 500003369
499997721 -500003970
500004163 -500003992
-3191 500002587
-500000767 -499999693
499997577 -499995041
171 500002121
-4791 499995557
500001418 -499997144
500000357 -499995518
-499996576 -500002056
-4769 500000856
500002251 -500002050
-34 500000430
587 499995869
-500000173 -499998084
-2142 500000717
2042 499996948
499997759 -499999762
-500001332 -499998210
-499998305 -499997689
-499996989 -500000557
-667 499998518
499997116 -499995570
500004541 -500000799
-500002500 -500000372
-3724 500001004
500004930 -500000847
-499997857 -500003926
-500003347 -499996447
-2042 500003450
500003470 -499996349
499999928 -499998339
-499997268 -500002088
-500002266 -500004562
-500004726 -499998255
-499996591 -499999524
499998576 -500001752
1083 499998245
-684 499999875
4565 499995945
500001718 -499996761
4808 500000130
-903 500004553
499996011 -499998186
-840 500004985
499996762 -500000616
-499997728 -500002923
3584 499999117
-499998043 -500004888
-499998189 -500000704
1326 500002666
500004112 -500003903
-500001508 -499998669
500002664 -499995972
500004302 -499998490
387 499997170
499997816 -500004972
-500004752 -499995298
499997626 -500001877
-499997946 -500004180
338 499996007
1326 499997172
500003107 -500003868
500002980 -499995094
-499996114 -499995140
499998417 -499996152
4208 499995447
500002083 -500001929
-499999091 -499995588
-499996786 -499996115
499995326 -499996676
-2018 499998372
499999574 -500002138
-2453 499996092
-499998570 -500003817
-3877 499995643
-500000442 -499997311
499998776 -499997063
-500002859 -500001396
-2845 499999697
500002463 -500004876
-3663 499995582
499998213 -500003239
500002588 -499999510
500000135 -500000903
-4812 500000207
-499998772 -499998774
2715 500003206
2275 499995547
-499999099 -500000048
-499996815 -500003604
500004090 -500003511
1781 499999461
1846 499995420
-804 500003284
500004673 -499996204
-333 499997036
-4144 500000355
-500002834 -500000908
499997948 -500003871
-500000363 -500003216
-499995434 -499997223
500004973 -499998801
500002681 -499997934
500004809 -499999623
-499997773 -500001829
-500003505 -499996859
-500000509 -500002160
-499996421 -499995591
267 500001813
499997780 -500004378
500001540 -499999024
-2765 500000265
-341 500003100
-500000985 -499995872
-634 500004542
499999481 -499999704
4260 500000870
-500004155 -500002550
-1602 499999826
-499998780 -500003583
3139 499998538
-499997097 -500002650
-499996280 -499997776
4196 499998701
3028 499996590
-4690 500002521
-3360 500000188
500002801 -500001499
1014 499999569
-1181 499997238
499997408 -500002251
-3668 499999736
-3835 500001629
499997185 -500000157
500001405 -500003576
-2013 500003785
-1690 500001406
3779 500002928
-500000930 -499996754
-500002996 -499995761
-3547 500002512
499995076 -500003006
-499997409 -499996341
499999333 -499995405
499995778 -500001523
2711 500001034
-500000348 -500004431
-499995705 -499995599
499996696 -499995103
4678 500001746
499999436 -500004129
499997611 -500000519
-500001913 -500003329
499999357 -499997038
500003900 -500000913
-499995566 -499997728
500000307 -499999226
-2603 499995838
500003271 -499995768
-500002307 -499996988
-1283 499999108
-500001464 -499997854
-3072 499997406
-500004514 -499995512
-4857 499997830
-500002243 -500002744
-3698 499999359
-4661 499995794
774 500002482
499996547 -499995909
-499996729 -500002200
-499995800 -500004179
-1652 500004001
500003698 -499997859
-500004390 -500000847
500002874 -499998146
500001180 -499996545
-499997744 -499998993
-499997646 -500000969
-500001981 -499995864
4525 499996470
-499999916 -500003972
1340 499996952
-499996383 -499999646
-3376 500002186
785 499995787
499996956 -500002333
167 499995518
-500003316 -499997840
499998726 -499995115
-500003230 -500000749
-499995251 -500001061
1393 500003818
-499996966 -499998214
-3702 500003254
788 499997684
500000357 -499998787
1918 499997557
-499998678 -499999542
-500000949 -500003474
-499999873 -500004997
-4026 499997470
-1205 500002081
-499999936 -499999845
500002488 -500003656
-499999261 -500004623
-500000902 -500003521
-500000624 -499995996
500001013 -500001521
2184 499998675
4135 500000399
500004261 -499996629
2001 499995635
-449 500003299
712 500000368
499995005 -499996855
-3557 499999343
-499996577 -499996384
499995921 -500002793
-500001965 -499998785
500001267 -500004627
-500002123 -499997509
-500000259 -499997842
500003771 -499996944
-4707 499997781
-715 499995135
499999831 -499996755
499995564 -499997437
-500000954 -499998577
500001188 -499995609
-499997353 -499996553
277 500003278
500003837 -500001168
4703 500000789
-499996301 -500000415
-499998283 -500004286
499998047 -499995563
500004579 -499999081
499999884 -499996026
-141 500002321
-499997062 -500001107
-500000474 -499999415
500004523 -499997898
499998616 -499997259
499996991 -499995367
1770 499996385
463 499998345
-181 499995299
-499995837 -500002245
499995664 -500004633
-499999895 -499996100
2168 500003018
1376 500000597
-3017 500000604
1249 500004593
500002033 -499997555
499999206 -499998273
-500001192 -500003072
-174 500001792
-2808 500001718
499995711 -500002546
499998261 -500003829
-499999166 -500003757
500001643 -500001618
-500002803 -500002350
-500001312 -500003523
-162 500004014
499997962 -499995087
-499997566 -500003254
500002110 -499999227
3882 500004869
-499996574 -500002385
500001355 -500001571
499997419 -500001578
1398 500000042
499995103 -500004793
-2151 500001560
-500003570 -500000178
-3154 500003675
3689 499999590
-1361 500002424
-500000033 -499997491
-499999417 -500000557
499998823 -500001536
-1416 499997649
-2330 500003380
-499996309 -500003395
-499995052 -499999239
-499995538 -499995938
3718 500000607
-1437 500002367
-499996933 -499995565
500004239 -500000423
-500000379 -499995436
500001066 -500001167
-500004318 -500001866
-500001137 -499999034
-2939 499996287
-499996918 -499997112
-499998308 -500002326
-1465 500002313
-500000925 -500003054
500003220 -500000855
4079 499996847
-3575 499995902
-500004411 -500002898
500003118 -499996119
-500003325 -499997506
499996956 -500001051
1654 500003286
-3471 499995141
-500000914 -500004550
-4456 500002280
-499996741 -499998237
-2329 500000044
-500002386 -500001583
-2433 500002410
-500001222 -499996824
-86 499998140
499995270 -499997168
-499997733 -500004711
-500004214 -499995787
-500003630 -499997834
-500003797 -500003399
-500001334 -500002796
499995001 -500000111
-500001866 -500002071
7 500001267
500002065 -500001800
253 500000639
499999643 -500000093
-500001290 -500003847
500004357 -499996265
-499997276 -499995615
-500003084 -499995739
500003790 -499999326
499998000 -500004345
499998335 -500004541
-500003330 -499998117
-500000957 -499996821
499998260 -499995316
499998078 -499998844
500000328 -499996136
499996442 -499999827
499996619 -500001544
499998377 -500002485
-500002353 -499998355
2143 500002072
3107 500003412
-499998106 -500004863
499997948 -500000502
-500003656 -499998023
499997616 -499998758
-500003670 -499997486
-499996024 -500002009
-499995270 -499999275
499997114 -499997880
3038 500001925
3134 500000521
-1324 499995770
500001371 -500003348
-4982 500001476
-499997013 -500002622
-500003664 -499995708
499997884 -499997813
-500003466 -500000824
499997919 -499998045
500000843 -499998468
-500002989 -499997106
499995523 -500001450
500003744 -499998106
499997713 -500001030
-294 499997825
500001653 -500002313
-500002352 -499999587
-500004129 -499998548
-499997587 -500003085
-499999220 -499996622
-499998060 -499998829
2308 500001749
499997861 -499998618
499996579 -499998507
-500000355 -499999137
-499995366 -500003729
499999406 -500002588
-4925 500000979
-500002350 -500004209
499997040 -499998746
-1264 500001515
2416 499997139
499997541 -499997096
-499998923 -500003357
500000227 -500004655
499999214 -499995644
-928 500004106
3890 500003073
499996165 -499996637
-499998992 -499997260
-499996020 -499998742
-499995499 -499999665
-499998695 -499999231
-2467 499998896
-499996308 -500004192
500001986 -500003399
-499997083 -499996324
4324 499998419
-500004246 -500003180
4802 500000643
-4820 500002988
499996412 -500003752
-500004370 -499998512
499996887 -499995093
1755 500002559
-3044 500003740
-2669 499998526
499995114 -500001219
499997374 -500000620
500004442 -499998776
-500000510 -500003171
-500004952 -499999140
500002378 -500000305
499998425 -499999229
2473 500004492
-500001123 -500003002
-499995051 -499998648
500004049 -500002276
-500001990 -500003667
500000861 -500002944
500003620 -500004195
-2220 500001083
500002215 -500002516
-51 500000323
1791 500000769
-499997235 -499996354
500001935 -499999770
209 500002771
-500000550 -499999547
2966 500001052
500001693 -500000267
287 500003287
3346 500000745
-500002284 -500002771
500000958 -499998695
-500000560 -500003063
3233 499997323
-2883 500002392
499996014 -499995861
-500000430 -499999020
3206 499999812
-499999437 -499995217
499996883 -499998082
-2495 500001944
-500000184 -499996497
-1524 500004157
500004125 -500003937
-1857 500003890
-500001974 -500002951
-500002814 -499999489
4115 500000396
934 500004926
-499999341 -500004717
-499998566 -500002156
-499997167 -499997219
3322 499995346
500000992 -500001913
500004785 -500004879
499 500002404
499998384 -499999047
500001613 -499995922
500000131 -500002353
-4948 499995826
859 499995340
-500000761 -500001854
-499996520 -500001081
499995899 -499995260
1568 500003197
3285 499998802
3593 500000968
-3372 500003442
-499996099 -500000744
-3542 500000237
499995533 -500001265
-500000282 -500000585
-499995363 -499999183
500003797 -500001469
2221 500000974
558 499999500
-500001141 -499995127
-499999364 -500003573
500001961 -499999009
-499996681 -500002488
-500000768 -500004905
-500001944 -499997883
-2571 499997068
-500003128 -499996880
1068 500004512
500002773 -499998185
499995272 -499999255
-2871 500003972
499996602 -499997638
2770 499998147
500001497 -500002329
500000114 -499998008
499995358 -499998307
500002345 -499995579
500002549 -499995530
500003654 -500001619
-2865 499999079
-163 499998839
-499996872 -499996701
499998391 -499999973
