999
5561 8060
1029 4971
2711 6880
14325 -6496
97 1759
12628 -7380
8 -352
1800 6070
16058 -4377
312 -2892
15335 5726
2884 6998
3685 7425
16878 -1435
884 -4660
606 4060
2942 -6974
8355 8425
3 254
13626 -6924
12783 7743
16507 -3302
16605 2833
3722 7441
10694 8226
14818 -6115
15768 5025
2604 18228
111 -1808
3918 -7487
6131 -8192
8499 8428
1075 -5041
14690 6519
14289 6889
14436 -6418
11074 -7812
501 3773
7799 -8290
16888 -1338
15388 -5460
518 -3700
16371 3639
7704 8399
13279 7537
5101 7935
16905 931
501 -3643
2410 -6615
544 3902
6805 -8271
967 -4835
11714 -7672
4122 -7577
13827 7231
13909 7175
15227 5876
10209 8296
191 -2291
5834 -8133
14086 -6653
654 4177
5795 8112
1607 -5804
15682 -5040
15145 5986
9647 8364
16951 -373
8824 8424
10483 8258
15122 -5791
14226 6942
4066 7583
11555 -7710
9451 -8138
4443 7724
5362 -8019
3163 -7103
16449 3398
9046 -8198
3985 -7517
15634 5260
245 -2568
5499 8045
3223 7199
6277 8209
6401 -8234
14829 6371
2455 -6649
7405 -8295
248 2793
3320 7252
1257 5359
4279 7665
403 3453
15355 -5503
7319 -8294
13685 -6893
15934 4706
4825 -7856
4 320
14901 -6037
4932 -7892
11514 -7719
14592 -6303
4898 -7881
16354 3689
4133 7610
17112 -186
-5580 17670
14616 6593
2599 -6753
16790 1882
1659 5906
3566 -7321
1084 5070
5548 8057
186 -18228
46 -1199
7500 -8294
14051 -6675
11941 -7606
15539 5414
9162 -8182
14806 -6126
16099 4350
15951 -4583
4572 -7763
1 89
330 -2973
1843 6118
1 -63
16823 -1880
16680 2489
11852 8008
13950 -13392
4580 7771
-15252 -10416
9785 8349
16417 3498
4051 -7546
16708 -2561
14691 -6224
14731 6476
15617 -5141
9951 8330
13179 -7146
4847 7857
865 4657
5745 -8114
6456 -8240
210 2583
16910 873
14577 6630
1354 5507
426 3532
16443 -3490
16340 3730
0 0
14615 -6285
2 -112
5712 8094
11639 8053
11274 8124
240 2750
16912 -1089
2540 -6711
5495 8044
11718 15624
7193 8346
13595 7376
16087 -4318
1282 -5364
11109 8154
16751 -2341
7 479
16906 -1154
5433 -8038
2652 6839
325 -2951
1719 5978
-9672 -16182
16621 2764
8314 -8266
1740 -5969
171 -2178
10230 16554
11675 -7682
116 -1842
13774 -6843
12941 -7252
13457 7450
16939 -706
139 2133
13208 7570
9 540
4970 7895
2093 -6353
15736 -4954
6298 -8220
15095 -5823
6020 -8171
6511 8249
55 1286
16944 309
3224 -7138
6886 8305
15853 -4760
13621 7361
6 427
903 -4701
6427 -8237
20 -693
4216 -7617
13583 -6946
16949 -442
16139 -4210
4326 -7663
12 596
12727 -7341
358 3293
2904 7011
15983 4606
16003 4565
4505 -7736
11572 8067
11409 8099
14524 -6354
98 -1718
1158 5196
16134 4267
16927 659
4145 -7587
3502 7342
16598 -3006
-5952 -17670
9461 8382
539 3888
34 -998
71 1477
7666 8396
13063 -7199
12828 7727
12425 7859
8928 -16926
16036 -4420
10069 8315
12867 7713
12891 -7273
6002 8155
15669 5202
-17112 930
1123 5137
16920 -990
1618 5856
2113 6386
9408 8387
13404 7477
419 3508
16554 3043
14983 6193
8133 8419
6964 8316
1107 5110
4991 -7911
12237 -7515
3109 -7072
216 -2423
12693 7774
15262 5828
7172 -8290
1039 -4974
2017 6295
16530 -3230
3619 -7348
1575 5803
13110 -7178
5134 7945
6756 -8267
7752 -8291
3090 -7061
5123 -7952
16805 -2006
9263 8399
2060 6336
16753 2112
5377 8013
14901 6290
697 4281
16936 511
13359 -7059
16271 3923
5 374
2596 6798
1876 -6127
16854 1408
5263 7982
14967 -5967
7044 8327
5676 -8098
347 -3046
16954 -188
16484 -3372
4773 7834
15063 -5860
12836 -7296
11877 -7625
82 1601
13557 7397
6810 8294
5621 -8085
14880 9672
16953 44
165 -2143
16920 748
13664 7336
493 -3616
11192 8139
63 1384
15503 5471
38 -1077
12389 -7466
7872 -8288
1531 5748
13759 7276
832 4587
13707 7309
13677 7328
14370 6819
31 -937
-15066 -10788
12237 7915
17298 -3534
15794 -4860
2278 -6510
9874 8339
12578 -7399
9 -387
14341 -6485
16862 -1573
15029 -5899
2 175
16675 -2708
16882 1168
4650 7794
14932 -6005
16554 -7440
3383 7284
11452 8091
6 -279
6964 -8280
16634 2707
1917 -6174
47 -1212
1107 -5100
15909 -4660
6376 -8231
14 -539
16368 5022
13481 -6998
3746 -7408
746 4397
11836 -7637
12913 7696
948 4820
3633 7402
2826 6959
7786 8404
13238 -7118
3348 -18042
1164 -5190
10662 8231
3718 -7395
11363 -7752
14858 -6078
16862 1343
2653 -6790
15810 7068
268 2897
16648 2642
3791 7470
1377 -5498
15996 -8928
14142 -6617
130 -1932
13129 7606
9300 16926
16089 4373
11701 8040
7270 8355
1148 -5165
16953 -261
14646 6564
14525 6679
1464 5663
16415 -3567
16426 -3538
5951 -8157
5868 -8140
5 -240
15345 -5516
15818 4932
6889 -8276
58 1323
11509 8080
10901 8191
16663 2571
9093 -8192
14774 6430
4389 -7689
45 1136
16317 3797
5766 17856
121 -1875
12478 7843
930 4785
8738 8427
15822 -4814
16493 3255
2848 -6918
16314 -3816
15960 4653
5645 8079
140 -1993
3279 7230
1688 5941
16392 3575
322 3149
668 -4165
67 -1439
15713 5126
16490 3265
16802 1799
3047 -7036
1115 -5113
2369 -6583
16301 3842
484 3720
13958 7141
652 -4123
16955 -98
15120 6019
9556 8373
1290 5411
15697 5155
2118 -6376
1489 5695
6061 -8179
6430 8236
14014 -6698
7367 8366
16 669
-11346 15624
16821 1665
6323 -8224
12514 7832
11441 -7735
3514 -7294
308 -2873
-558 18042
16504 3218
9365 8391
575 3984
4024 7566
7119 8337
4380 7702
5087 -7941
-3348 17856
3659 -7367
121 1989
16213 -4049
16575 -3086
2795 6938
15519 -5283
11339 8112
16812 -1958
16881 -1406
8815 -8223
12058 7962
14715 6493
16955 -99
13877 -6782
16718 -2512
16116 -4258
16758 -2301
-13206 -13392
14278 -6528
30 897
14074 7058
7586 -8293
23 -763
16873 1253
119 1972
6377 8227
4902 7874
4699 7810
2975 7055
91 -1668
1989 -6251
8510 -8252
218 2628
10570 8245
11255 -7775
16710 2339
8963 8417
16743 2171
16897 -1249
1443 5634
2241 6505
5351 8006
696 -4236
92 1707
9316 8395
6081 8171
3446 7315
920 -4737
163 2295
11632 -7693
16468 -3419
5568 -8072
11478 8086
15469 -5352
14463 6736
8664 8428
1319 -5417
2497 -6680
2215 6482
1966 -6227
16942 -657
14154 6998
371 3341
41 1073
1951 -6211
3351 -7207
3813 -7439
1642 -5849
16573 2968
2030 -6293
14872 6323
12728 7762
-16926 2790
-15996 9672
16779 1953
7314 8360
16056 4448
9730 8355
11288 -7768
16851 -1663
16946 -539
15857 -4753
443 3590
512 3807
74 -1514
8975 -8206
10820 8205
197 2508
15066 -11346
2040 6317
720 4336
15188 5929
3449 -7260
14788 6415
90 -1660
11976 7981
16390 -3631
12588 7809
1191 -5231
663 -4152
27 -852
453 -3475
10282 8286
395 -3249
274 -2710
90 1686
4458 -7717
16934 -785
14742 -6181
15203 -5694
8573 8429
14199 -6580
1331 5473
11812 -7644
9119 8408
16429 3461
4742 7824
5767 -8119
1673 -5888
7041 -8284
415 -3328
16737 -2417
14391 -6450
8106 8418
448 -3456
14141 7008
16269 -3923
16943 -631
12017 -7583
16754 -2324
16585 -3053
15302 -5571
1767 6033
1097 5093
152 -2066
997 -4894
16646 -2826
16242 -3984
1228 -5286
5038 -7926
14662 -6248
16129 4279
16931 -831
1000 4918
4749 -7829
16901 -1208
16815 1709
15191 5925
15444 5562
12281 7902
5180 -7969
207 -2376
13944 -6741
11202 -7786
964 4851
711 -4272
16913 836
1013 4942
16540 3094
12960 -7244
2125 -6382
2442 6678
9479 -8133
14269 6906
104 1831
853 -4593
577 3989
16614 -2947
15767 -4904
8 518
8595 -8245
13950 11904
8164 8420
5045 7918
16763 -2272
13020 13950
16930 618
2173 -6423
2675 -6805
7102 -8287
16740 2976
62 -1385
7671 -8292
291 -2792
776 -4423
380 3373
1412 -5546
630 -4056
4515 7749
41 -1123
16191 -4098
15902 4771
12310 -7492
3235 -7144
12076 -7565
15580 -5196
583 -3910
16894 1048
15027 6139
16915 -1054
16843 1497
615 -4010
17112 -4836
16168 -4148
11772 8025
5507 -8057
14914 6275
14950 6233
13001 7662
3523 7352
257 -2627
16837 -1775
1405 5581
30 -916
1228 5313
16202 4102
603 -3973
76 1534
5862 8126
1189 5248
1534 -5709
13034 7648
9530 -8123
178 -2218
13158 7593
3800 -7433
2365 6613
15567 5369
13236 7557
1348 -5458
4738 -7825
15938 -4607
379 -3182
15068 6087
298 3043
362 -3110
952 -4804
15603 5311
15104 6040
12135 7943
9611 -8107
7971 -8284
16071 4414
231 -2499
470 -3536
14364 -6469
5233 -7984
11899 7998
-17298 -2232
1694 -5914
2335 -6556
15506 -5301
2554 6767
12637 7793
11346 -16368
16286 -3883
13900 -6768
16764 2047
5444 8031
6324 -17484
429 -3383
15001 -5930
8756 -8229
12996 7664
16034 4497
13091 7623
10333 8279
1863 6139
16952 -321
284 2976
3292 -7175
50 1214
6510 17670
6204 8195
15159 -5747
457 -3490
794 4505
16945 283
12186 -7531
8209 -8272
6137 8182
-7998 17112
16732 -2443
16629 -2891
4171 -7598
5314 -8006
15560 -5225
6663 -8259
262 2866
15375 5667
1450 -5597
2533 6751
16816 1702
2290 6548
8387 -8261
21 751
7456 8376
13985 7122
6530 8252
3412 -7240
-9300 16554
14105 -6641
803 4525
2524 6744
2910 -6955
3 -157
2165 6435
15890 -4694
7975 8413
631 4121
830 -4543
13418 -7030
7263 -8293
1787 -6024
11781 -7653
10398 8270
11160 15996
225 2667
1898 6175
12689 -7356
12842 7722
15748 5062
761 -4389
7844 -8289
12125 -7550
16588 2906
3080 7117
10649 8233
-16368 7254
306 3080
2267 -6501
16951 107
764 4438
15468 5525
3965 7542
13206 -14694
9200 8403
-14694 -11346
14416 6778
13536 -6970
5288 7989
81 -1580
-16740 -5952
3584 7380
16294 3861
1978 6257
13790 7256
16789 -2112
2487 6715
16662 -2761
16523 3154
12551 -7409
11 -450
6602 8263
2843 -6915
-16554 5952
9325 -8158
2915 7018
6219 -8207
25 816
8116 -8277
3001 -7009
16226 4043
16954 -2
5939 8142
2304 -6531
16471 3327
4206 7638
187 2449
8882 -8216
16249 3982
123 -1888
16007 -4476
3017 7080
541 -3776
16901 976
14231 -6559
6945 -8279
16177 4163
10128 8307
87 -1635
12848 -7291
16935 534
16941 386
16366 -3690
8227 -8271
15354 5698
14189 6971
2766 6918
15014 6155
13820 -6816
14498 6704
12452 -7444
4673 -7801
12351 -7479
13855 7212
4606 -7776
13302 -7087
1102 -5091
7531 8384
15287 -5590
16873 -1482
2730 -6842
13357 7500
816 -4512
1491 -5652
16690 -2644
719 -4291
6675 8274
16343 -3746
8889 8421
1329 5470
152 2222
15430 -5405
15972 -4543
55 -1307
15844 4883
14026 7093
-17112 -4278
566 3961
16161 4202
6528 -8247
14783 -6146
1011 -4921
744 -4350
15590 5332
8687 -8236
16545 -3183
6337 8220
13022 -7217
13328 7514
14933 6253
15873 4828
12506 -7425
1375 5538
8446 8427
4280 -7644
16776 -2193
1563 -5747
9411 -8145
1631 -5835
2788 -6881
680 4240
14571 -6319
1830 -6074
36 994
12783 -7318
3850 -7456
2226 -6467
9237 -8171
10975 8178
16694 2420
9535 8375
7878 8409
8026 8415
462 3651
16742 -2390
8416 -8259
7081 8332
-3162 -18042
109 1879
1050 5009
2328 6581
15648 -5093
16800 -2040
15296 5781
16057 -4379
16843 -1728
15241 -5647
3904 7517
14465 -6397
13896 7184
10767 8214
16771 2004
5189 7961
15795 4975
16558 -3142
15819 -4819
8310 8424
15698 -5015
4309 7676
12352 7881
12948 7683
14318 6864
13709 -6880
11148 -7797
1554 5777
14001 -6706
-15996 -8742
698 -4241
6722 8281
9050 8412
-7998 -16926
3125 7143
8908 8420
13522 7416
2062 -6324
16948 198
132 2081
15412 5611
10016 8322
12198 7926
1248 -5315
14124 7021
807 -4492
16925 -922
7584 8389
560 -3837
176 2381
16724 2268
16830 -1829
898 4722
-11718 -14694
1223 5305
16833 1574
16 -596
533 3871
2398 6641
8270 8423
3834 7488
8020 -8282
16734 2217
8231 8422
341 3229
6606 -8254
3165 7166
15510 5460
17 -622
11037 8167
16938 462
16889 1099
