333
38 220
232 267
285 111
312 122
119 194
233 321
377 172
271 186
22 135
260 94
196 62
104 212
105 57
315 362
313 363
133 359
170 24
274 333
402 236
283 67
91 288
182 136
226 361
383 326
149 34
243 292
232 64
255 293
189 330
211 322
272 347
373 336
313 355
340 144
409 151
12 141
68 101
320 248
229 4
131 38
406 195
314 269
172 19
337 176
172 336
21 138
196 406
385 279
96 234
123 164
128 387
115 305
342 365
98 366
231 401
190 296
28 246
53 314
193 229
166 383
176 140
95 35
77 309
394 217
66 294
140 207
94 182
399 284
137 242
187 43
30 303
31 147
280 201
206 416
223 268
279 386
170 297
104 29
178 412
168 324
142 384
125 83
134 126
99 65
382 259
298 349
323 355
333 274
153 208
191 2
10 265
63 75
5 167
212 183
58 84
213 73
212 163
198 167
51 110
405 220
171 327
69 228
79 207
80 135
157 126
381 232
216 418
208 84
114 394
309 44
261 390
400 217
288 372
78 162
200 415
302 120
340 52
300 312
211 21
369 200
307 86
138 273
389 138
167 264
145 368
135 298
43 325
217 370
262 133
325 96
399 250
202 196
236 23
81 271
107 147
156 270
51 227
116 78
143 222
248 235
249 102
55 198
304 228
318 101
10 182
220 133
206 254
154 226
56 200
351 106
202 116
121 252
174 378
116 124
134 315
369 328
201 99
242 213
140 246
65 256
251 89
379 185
46 83
89 315
115 331
146 120
390 297
145 263
353 335
157 391
258 168
317 31
17 230
357 94
249 169
366 141
128 153
94 282
56 129
156 298
191 13
159 362
36 154
146 410
52 337
207 328
379 293
97 366
183 106
378 119
132 95
260 8
39 118
239 384
370 304
200 323
233 278
286 402
127 382
37 251
298 71
154 398
124 124
164 107
406 189
150 68
174 340
24 247
289 369
234 79
214 43
314 30
301 93
40 281
364 86
59 256
237 163
185 21
161 359
194 73
281 325
5 165
129 397
278 331
173 403
371 212
43 271
91 363
288 318
264 116
49 92
234 218
242 10
371 316
387 143
160 305
344 324
169 110
65 90
135 45
410 237
353 302
287 156
66 240
68 346
279 31
287 216
254 13
203 2
336 278
361 346
159 412
221 351
151 68
30 308
273 218
259 47
301 146
368 216
204 72
312 65
125 300
391 248
102 387
124 289
33 260
60 273
319 80
78 127
245 62
363 265
308 231
290 304
40 139
328 57
328 301
97 222
153 267
387 180
186 380
363 107
219 54
282 317
354 352
237 329
404 254
214 51
61 157
201 229
164 347
251 269
269 9
53 289
76 339
373 332
138 287
64 174
240 393
109 378
382 150
203 169
254 211
160 22
85 53
392 159
293 46
319 74
333 280
166 194
176 178
344 80
69 127
327 275
410 204
150 249
228 148
77 179
380 313
273 255
289 400
205 93
342 321
103 233
175 202
183 71
95 67
320 176
364 112
103 345
236 37
411 252
168 348
332 70
