347
-23 206
-8 392
-298 386
-384 49
-268 16
-20 1
-91 305
-128 51
-37 11
-173 332
-311 21
-307 371
-226 105
-312 347
-380 246
-304 34
-362 84
-392 389
-45 84
-318 97
-171 254
-376 270
-243 129
-327 391
-27 145
0 283
-370 131
-44 33
-52 252
-261 169
-6 395
-34 261
-127 394
-219 345
-184 341
-57 189
-133 305
-198 311
-394 0
-97 95
-227 5
-91 175
0 1000000000
-159 273
-78 167
-329 55
-265 391
-279 146
-145 313
-40 82
-314 331
-90 345
-290 370
-320 217
-278 130
-314 294
-386 10
-355 105
-224 260
-70 42
-199 95
-52 347
-7 42
-206 365
-390 26
-394 342
-193 360
-29 166
-62 41
-9 139
-282 28
-69 204
-58 221
-344 380
-39 29
-106 393
-187 41
-152 224
-297 138
-220 13
-135 232
-157 300
-385 302
-49 234
-213 101
-22 211
-385 18
-361 104
-33 365
-304 299
-134 4
-360 148
-255 158
-42 387
-70 197
-64 2
-81 208
-208 369
-372 125
-151 21
-208 110
-270 80
-325 390
-254 354
-319 65
-85 349
-283 212
-256 121
-337 395
-353 324
-311 20
-266 51
-218 67
-358 361
-84 262
-46 230
-249 27
-16 358
-316 375
-393 223
-76 309
-98 34
-21 98
-356 336
-215 319
-330 92
-58 239
-259 390
-81 76
-253 266
-368 7
-96 304
-11 378
-327 79
-229 123
-241 119
-308 102
-296 210
-310 178
-185 335
-45 235
-237 58
-291 269
-317 359
-51 96
-341 200
-56 97
-186 170
-76 291
-254 11
-321 173
-258 289
-391 387
-366 241
-191 45
-218 10
-259 325
-86 69
-31 12
-183 118
-206 33
-325 337
-367 72
-307 293
-181 99
-222 159
-104 175
-161 364
-132 109
-119 252
-389 340
-355 389
-279 50
-365 109
-25 215
-174 307
-108 165
-36 346
-4 228
-33 299
-250 361
-126 281
-38 356
-378 244
-28 238
-42 112
-186 8
-357 176
-295 235
-46 174
-260 99
-321 283
-289 231
-30 179
-334 151
-248 208
-4 239
-37 349
-351 248
-228 174
-241 193
-187 383
-302 28
-5 189
-352 93
-255 282
-144 301
-95 367
-293 4
-142 217
-235 163
-391 351
-373 342
-274 300
-10 202
-115 203
-59 312
-358 88
-1 374
-393 207
-262 271
-296 289
-209 38
-377 200
-12 73
-39 85
-344 376
-267 343
-346 192
-16 88
-230 83
-334 301
-312 338
-329 170
-172 251
-204 132
-152 116
-176 339
-60 229
-359 359
-32 295
-183 388
-266 280
-245 72
-212 310
-324 5
-272 352
-112 328
-253 47
-272 276
-264 284
-368 295
-13 309
-120 367
-101 311
-55 321
-93 335
-144 233
-353 129
-109 322
-125 366
-395 385
-179 12
-375 376
-379 183
-136 138
-11 147
-72 24
-231 216
-387 332
-313 53
-282 45
-177 69
-27 38
-36 64
-251 348
-35 250
-109 25
-2 14
-256 81
-62 79
-390 379
-149 78
-1 112
-19 318
-156 68
-222 133
-24 253
-174 348
-294 323
-142 114
-169 352
-275 378
-168 233
-190 224
-291 181
-75 308
-75 54
-121 82
-346 104
-395 315
-31 191
-122 140
-341 272
-383 240
-10 344
-67 124
-359 322
-35 272
-297 76
-138 24
-78 373
-133 130
1000000000 -1000000000
-63 260
-289 281
-240 383
-106 161
-113 213
-299 7
-367 337
-202 298
-319 231
-313 149
-17 244
-80 368
-261 206
-101 257
-193 107
-38 150
-372 66
-380 67
-8 294
-117 373
-66 385
-288 351
-51 6
-1000000000 -1000000000
-244 271
-119 0
-386 124
-61 22
-362 177
-225 264
-87 318
-286 232
-23 248
