300
-65 84
-23 220
-188 146
-304 156
-53 290
-235 126
-306 113
-155 214
-102 76
-48 101
-93 307
-47 148
-285 298
-86 121
-196 322
-234 286
-311 213
-182 230
-299 82
-115 194
-172 348
-322 260
-25 264
-81 145
-220 80
-343 159
-209 141
-91 292
-148 173
-223 313
-79 315
-310 192
-76 80
-17 121
-149 27
-163 238
-59 169
-248 105
-171 14
-259 122
-280 195
-82 288
-151 98
-300 237
-92 184
-144 18
-315 139
-177 317
-194 333
-119 79
-76 35
-254 50
-160 321
-47 224
-171 114
-185 32
-158 253
-37 70
-250 287
-54 197
-88 150
-198 109
-57 90
-158 160
-163 97
-122 275
-36 84
-281 208
-268 38
-77 129
-17 202
-141 219
-135 323
-157 11
-196 115
-176 27
-54 199
-308 145
-212 296
-307 248
-164 2
-304 57
-251 325
-130 260
-314 78
-11 177
-84 252
-232 174
-82 200
-120 35
-170 346
-261 64
-238 189
-97 319
-302 267
-111 228
-126 66
-286 207
-126 165
-236 21
-70 268
-42 189
-133 344
-38 167
1000000000 -1000000000
-223 215
-211 248
-290 162
-177 293
-37 128
-204 50
-138 71
-191 270
-203 283
-109 293
-310 244
-194 47
-239 199
-87 168
-120 316
-136 190
-113 75
-203 55
-6 164
-113 101
-150 200
-209 28
-302 285
-269 63
-108 235
-324 172
-280 228
-347 168
-161 6
-222 262
-192 208
-241 68
-238 320
-147 155
-127 43
-235 180
-249 185
-242 252
-53 69
-134 153
-55 225
-184 112
-245 16
-315 131
-188 238
-131 136
-73 171
-132 162
-91 64
-295 67
-288 285
-75 152
-225 169
-296 106
-215 29
-127 134
-253 256
-121 327
-318 195
-337 226
-191 333
-337 193
-189 349
-132 32
-51 239
-21 102
-1000000000 -1000000000
-286 277
-290 94
-313 177
-18 221
-265 36
-187 341
-262 288
-321 178
-168 69
-195 37
-166 74
-192 138
-160 251
-338 161
-181 139
-31 104
-262 184
-219 270
-292 120
-265 43
-218 48
-133 336
-288 297
-289 47
-273 183
-141 226
-247 112
-166 255
-174 38
-105 91
-308 235
-136 81
-100 17
-89 314
-25 204
-148 147
-31 233
-245 265
-289 131
-144 315
-57 217
-257 140
-81 60
-212 209
-230 179
-100 187
-106 247
-239 134
-218 344
-62 283
-152 187
-236 198
-42 99
-112 44
-124 22
-117 327
-74 240
-186 329
-224 280
-214 51
-257 53
-19 96
-268 74
-287 236
-59 297
-77 227
-336 170
-185 142
-249 311
-12 227
-199 24
-130 8
-101 158
-125 223
-74 263
-174 21
-263 267
-178 317
-296 55
-267 290
-276 65
-208 275
-19 190
-45 239
0 1000000000
-255 224
-226 237
-164 343
-152 39
-224 140
-293 214
-92 33
-279 51
-78 148
-301 172
-264 308
-219 150
-125 176
-39 183
-98 318
-328 229
-259 206
-123 11
-314 135
-264 175
-26 104
-43 109
-106 229
-153 299
-97 95
-226 339
-129 313
-197 8
-189 143
-34 89
-149 342
-217 34
-21 206
-107 30
-44 114
-7 216
-220 264
-294 292
-142 272
-285 73
-147 85
-34 255
-300 120
