941
5386 -416
5048 -90
5491 -22
-4627 4490
-2715 5892
-2753 -876
-5388 -5807
-3276 -3399
-2446 -4293
1725 -449
-2394 -4120
5979 90
5100 -83
572 16
-471 -1404
-4664 4515
-2661 4529
-2529 3604
-976 864
-538 528
-2128 2359
-5308 -5767
-3584 3412
-1532 -2405
-2561 3773
-2737 603
-2709 5356
-2969 -2433
-5004 4730
-2687 -5679
-708 -1578
-3981 3924
6042 107
-2586 3916
-2889 1757
3598 -255
-3260 -3360
-1981 2065
-243 353
6427 225
-2854 -1807
-4351 -5091
-5287 -5756
526 -846
5483 -433
-2834 -1661
812 -728
-2811 1348
-1359 1231
-2716 5688
-644 -1528
-2720 176
341 89
-673 622
-2409 3094
454 51
6175 145
627 -802
-3312 -3485
222 -990
-2726 367
-2719 120
-2108 -3374
6591 -725
-1334 1205
-2263 -3748
-3220 2727
-3938 3876
-4306 -5048
4901 -343
-2759 932
801 -46
-2679 4765
3096 -263
-444 466
-3102 -2917
-1775 -2754
-869 -1712
-2474 3338
-4424 -5158
-4774 -5449
-2234 2606
-1370 -2209
-2178 2473
-3367 3031
-2631 -5183
6060 -562
2852 -278
-4531 -5252
5657 -468
1554 -491
-2281 2725
3725 -258
5596 -1
-915 814
-2636 4253
-2652 4423
-3876 -4558
3347 -234
4992 -355
-2149 -3466
5917 74
6707 329
4419 -297
294 -955
-2028 -3205
5994 94
-2746 751
-220 341
-3353 -3581
-1594 -2488
-3470 3222
-3711 3596
181 -1010
5218 -66
-907 -1745
-1082 -1905
6470 240
277 113
-2718 -68
-1055 -1879
-3021 -2646
5035 -361
-2786 -1243
-475 486
-2860 -1848
-4276 -5019
2425 -323
5377 -41
-1676 1608
513 33
-2066 2227
523 30
5499 -436
-2731 -520
-3092 2415
-4498 4398
-2696 5038
-2708 5324
3002 -249
-3600 3437
-2791 1210
4767 -328
-2693 -5754
5171 -73
-3683 -4257
5414 -35
6021 -552
-3169 -3118
-4830 -5490
-953 845
4483 -302
4795 -331
-2379 3002
619 3
5917 -526
5799 -499
748 -32
-4890 -5529
-2732 -541
-4478 -5206
-2081 2258
-2499 3453
5174 -381
-4375 4303
-146 -1189
-1033 -1858
1267 -570
6682 -758
-3623 3472
-2565 -4776
2961 -250
5962 -537
-4683 -5377
2236 -350
-3832 -4498
-3929 -4627
-1663 1591
-3322 2944
-2664 -5443
-2735 568
2636 -298
-2756 894
-1629 1547
-1393 -2235
5292 -400
-1975 -3102
-3406 -3702
-2353 -3998
-3698 3578
6669 314
-4117 4067
-2362 2952
-3134 -3016
-1019 902
-2705 5234
2329 -242
-2594 -4947
-2396 3054
1084 -111
-3860 3784
-2547 -4685
-3508 -3923
-2605 4033
-2795 1239
-4934 4689
-3076 2372
-3299 -3454
-1893 1920
-4307 4247
1348 -547
-4140 -4877
5879 -517
-3735 -4344
-331 -1307
4673 -134
5614 -459
-2027 2149
-3205 -3219
-2710 -6002
-2771 -1090
2824 -253
6110 -575
-1962 2032
-2339 2885
-3395 -3677
-2676 4725
6882 405
-3449 -3797
2961 -271
-108 -1166
-2453 -4318
-2093 -3341
-2574 3846
-4838 4630
-2868 -1901
-3652 3514
-2713 5955
-1147 1019
-5416 4932
-1307 1177
-2490 3409
-1622 1538
-618 -1509
-3469 -3840
-4573 -5287
-2540 -4652
-2702 -5874
6821 -811
3078 -264
-2742 686
6641 303
-1118 992
6623 296
-2313 -3885
-2683 -5632
-3955 3895
-2640 4292
-3491 -3887
1921 -220
-45 253
742 -755
-1554 -2434
1204 -589
445 -883
-4780 4592
1495 -177
2876 -252
-5122 4794
-1800 1778
-2224 -3646
2919 -251
-2721 -232
-3034 2252
-5020 4739
-2754 -889
-2002 2102
-2577 -4845
1207 -588
-3152 -3069
6398 215
-4812 4613
2274 -344
107 182
-847 759
-3323 -3511
707 -21
-5390 4921
-1658 -2577
-2445 3221
490 40
-1653 1578
-2008 2113
1573 -486
-1922 -3005
-2520 3558
-2415 3113
6357 201
-2952 -2355
-5137 -5675
-2758 -940
-513 511
843 -57
-5151 4809
-2649 4388
906 -693
1897 -411
-3277 2851
5137 -78
-3459 3202
-2687 4882
2683 -293
138 -1031
-1828 1819
-2380 3005
-774 -1632
-3656 -4210
-3163 2596
-746 -1609
-1950 -3056
-3055 2313
1671 -462
-1847 1848
-265 -1263
-2994 2131
-2650 -5327
1366 -542
-4798 -5467
-2853 -1800
-3792 -4436
-2992 -2532
5409 -420
2457 -246
-3764 3665
-3340 -3551
-2218 2567
-5207 -5713
5749 -488
-4566 4447
-3529 -3967
-3558 -4027
-1454 -2306
2025 -228
-1403 1278
2168 -236
-2835 1501
1110 -621
-3132 2519
4360 -162
-3542 -3994
-2726 -404
-3634 -4170
-1705 1646
-3343 -3558
-333 401
-2197 -3579
5466 -430
-1378 1251
3292 -237
5585 -453
2245 -239
-2714 5561
-2719 -125
460 -876
-119 289
-3889 3819
-3073 -2825
863 -709
99 -1051
5696 21
1637 -194
-1735 -2691
2175 -360
2499 -247
4866 -113
-3754 -4375
1533 -182
1174 -127
4987 -98
-1988 -3127
-2704 -5903
-4088 4037
-362 417
-1244 1112
-3915 3850
1733 -204
-2679 -5586
-3377 -3636
-2818 1394
5546 -445
-2894 -2058
62 202
-2724 -351
-2281 -3797
-2941 -2302
-5346 4902
-2050 -3250
-2471 3325
-1021 -1847
590 -818
-2746 -773
2699 -251
5133 -375
-2667 4606
-3561 3375
1980 -394
-2145 2397
4940 -348
6756 349
4722 -129
-878 784
-2742 -710
5671 -471
-2626 4175
-3089 -2876
1457 -517
-5183 -5700
6610 291
1936 -403
-5035 -5617
-2643 -5273
3246 -257
-2717 0
5866 61
-4223 -4964
3175 -243
-86 -1153
-4737 -5420
-1503 -2368
-2615 4098
-1939 1994
-3724 3613
-2982 -2491
3996 -270
-2672 4672
-3038 -2706
-2833 1490
-2046 2186
1822 -212
1233 -137
6332 193
-2711 5427
2300 -241
-164 312
6844 -820
-2162 2436
-1803 -2800
-5411 -5818
-2716 5825
-4487 4390
6290 180
-4151 4102
-2467 -4369
-2693 4980
-4112 -4846
-2706 5263
-2700 -5847
-2608 4052
1859 -215
3689 -257
5661 13
-607 -1501
5199 -385
-3557 -4025
4521 -305
-5343 -5785
-3180 2637
1634 -471
5966 -538
-3036 -2699
-2987 2109
-2703 5189
-2915 -2171
-2879 -1969
6093 121
-2722 245
-601 571
-2727 391
4422 -157
-1758 -2727
-3905 -4596
-2558 -4738
-1551 -2430
-2920 1880
-2369 -4045
6614 -733
-2457 3268
-2584 -4886
2025 -386
-5273 4869
-4538 -5258
-4955 -5570
-1208 1077
5345 -409
-2805 -1424
-2554 3734
-4121 -4856
2039 -229
-2102 2302
-5098 -5653
2645 -250
-369 421
-3247 2787
-1466 1349
-22 242
-3718 -4316
-4344 4278
6413 -665
-2897 1790
3071 -247
-3783 3689
-2720 -181
261 -971
-5297 4880
4296 -288
-2965 2038
-2821 -1560
1808 -430
-1825 -2837
2378 -329
-2952 1994
4580 -310
4526 -148
-4249 -4991
2515 -312
-560 543
-589 -1488
1577 -485
-3922 -4618
-2845 1554
-4461 -5191
-1889 -2946
-1110 -1932
-2930 -2248
-2518 -4561
-512 -1433
-2235 -3674
-3062 -2788
-2702 5167
-2876 1702
2122 -369
-2750 -832
-2540 3661
-4973 4712
-3249 -3333
-2724 308
-3344 2987
-2630 4206
6526 260
6655 -748
5960 85
-2176 -3529
-2109 2317
-2671 -5505
-4380 -5118
-4704 -5394
-3054 -2761
1151 -123
-5190 4829
-193 327
-187 -1214
-984 871
-2681 4792
2928 -273
-2656 4470
1845 -422
-2209 -3608
-4704 4542
6295 -628
-3808 3720
-2666 4593
-3423 -3740
-4929 4686
-2685 4851
-1477 -2335
-3981 -4693
152 163
-2004 -3158
-1863 1873
-5086 4775
-2855 1603
6506 -696
1020 -652
5551 -446
5255 -394
1403 -164
-2766 1008
-4299 4240
-3109 2460
-2713 5513
-1295 -2126
1226 -582
-2712 5466
369 -919
-2740 653
2761 -252
1037 -646
5848 -510
-3110 -2942
-2197 2517
1305 -559
-4602 -5311
-2419 3126
-2707 -5949
-2939 1949
429 59
6840 386
-4062 4010
-2723 -314
6739 342
-3542 3344
-2316 2820
3760 -259
3011 -268
981 -90
-2256 -3729
-2675 -5543
-2347 2908
1458 -172
-3808 -4461
-2749 797
-1104 979
-1345 -2181
-1597 1506
-4454 4365
-2714 5927
-2710 5391
-302 384
-2587 3922
2192 -237
-2735 -594
-2657 -5384
1787 -209
2811 -281
-3408 3108
-2779 1120
-2517 -4557
-4888 4661
-303 -1288
-2596 3977
804 -731
-3062 2333
6550 -711
972 -669
-2889 -2030
4948 -103
-2763 -1002
6372 -652
-1425 -2272
-3281 -3411
-3415 3121
1985 -225
-2976 2074
-2827 -1607
-3004 2162
-4787 -5459
-636 595
-2635 4245
-2602 -4996
3901 -265
-1527 1420
3195 -242
-3370 -3620
-1933 -3025
383 74
-1473 1357
-287 376
-2729 436
-1726 -2677
380 75
-2435 3184
-2804 1301
1468 -514
-1316 -2149
4891 -110
-4198 -4938
560 -831
4218 -173
-1708 1650
-2728 -453
659 -8
-2718 63
1755 -442
2786 -283
-4920 -5548
6456 -679
-1393 1267
3881 -264
-2247 2638
6131 132
-438 -1381
-989 -1818
2593 -249
-2545 3687
-1277 1146
-2739 -661
321 -942
-3517 3303
-2504 -4507
-1575 1478
-1686 -2618
-2772 1061
-2092 2281
-1498 1386
-2531 -4614
-2099 -3354
-2906 1827
4033 -272
-4002 3947
-842 755
667 -785
-4333 -5074
-1865 -2905
-2795 -1331
-3829 3746
-2767 -1047
-2957 -2378
6873 -832
1345 -155
-2413 -4182
-3660 -4217
-958 -1790
-2611 -5052
-3436 -3769
-2423 -4215
-4982 -5586
2474 -317
-2754 867
-3680 3553
783 -739
-1 -1105
-847 -1693
-2816 -1519
-4086 -4817
-3121 -2976
-2322 -3910
4634 -315
-4857 4642
-2578 3869
-2776 -1143
-1787 1759
3406 -254
-1580 -2469
-2638 -5235
-2421 3133
-2339 -3958
-3479 3238
-4014 3960
-4034 -4758
-4827 -5488
-4509 -5233
-3016 -2628
-4619 -5325
-2481 3369
925 -77
-1760 1721
4469 -153
-1621 -2525
2301 -340
-2732 503
4297 -167
1704 -454
704 -770
-2619 -5103
295 106
-2919 -2192
-3958 -4664
2544 -248
5833 53
-2691 4945
-2437 -4262
-2643 4323
6727 -775
-2717 1
-1553 1451
-2248 -3708
-3266 2828
-1737 1689
5321 -50
3544 -254
-2841 -1713
-1558 1457
-2300 -3849
-1886 1909
-2688 -5691
-4604 4474
1123 -118
6337 -641
-3594 -4096
-360 -1327
-300 -1286
-2848 -1764
3459 -227
5277 -57
-717 656
900 -71
-2825 1439
-3151 2567
3785 -260
-402 -1356
-2761 955
-3215 -3246
-4037 3984
-3696 -4279
3234 -240
-1848 -2876
-3232 -3291
-2130 -3423
-5004 -5599
-3199 2680
4580 -143
-5061 -5632
6163 -589
3834 -262
4203 -282
-4229 4177
-2165 -3503
-2751 826
2390 -244
-1701 -2640
-411 446
-1920 1963
-4182 4132
-2674 -5533
-2931 1920
-791 -1646
5795 44
1282 -145
506 -855
-3005 -2585
-3175 -3135
-1903 -2971
2575 -305
1674 -198
-1229 -2054
22 221
2145 -235
-2722 -275
-1202 -2025
6790 -799
-3376 3048
-2620 4132
-2628 -5161
-1504 1393
-221 -1235
-2873 -1932
409 -900
4719 -323
6241 165
4088 -275
-3573 -4056
1505 -504
-2490 -4454
4666 -318
936 -682
-3116 2478
42 -1081
-2333 2868
-74 267
-4011 -4730
-3611 -4128
-1140 -1961
5629 6
5537 -13
5085 -368
3208 -258
-4745 4569
-42 -1128
4284 -168
6487 246
-2715 5623
6793 365
-3651 -4201
4751 -126
-2480 -4417
-3242 2776
-1649 -2564
-2278 2717
-1079 956
-647 603
-828 -1677
-5244 -5733
-930 -1765
-2905 -2118
6453 -678
-3191 -3180
3644 -256
3940 -267
-2572 -4816
-2680 -5597
-2822 -1568
5752 34
-2780 -1184
-2509 3502
-2566 3801
-3475 3231
6575 278
3134 -245
2082 -376
-4414 -5149
-550 -1460
3350 -255
-2748 782
-2345 -3975
547 23
6215 -604
-1451 1332
-4158 -4896
-2386 -4095
201 143
-2690 4929
-1174 -1996
59 -1072
-2866 1655
-2784 1159
-2298 2771
-3047 2290
-2398 -4133
-2699 5102
-1786 -2772
-3019 2208
-3300 2899
77 195
-3747 3643
-4177 -4916
-3393 3080
-1420 1297
-1048 928
5475 -25
-671 -1548
-2697 -5807
1072 -634
-4264 4209
4612 -140
-4245 4192
6391 -658
-803 724
-1579 1483
6869 399
1326 -152
3157 -260
