1000
-72285764 -581996567
-822447341 -398199852
-331102816 -910495620
-235765662 -51188181
-654757419 -15344880
-73989701 -106766327
-561359665 -236163519
-462377613 -952098496
-888525203 -359979765
-626973746 -922268418
-766692243 -653113679
-946363316 -357536066
-483253705 -857013734
-364199596 -586309692
-701054242 -973256238
-659361795 -691532340
-823291538 -819716334
-959081612 -918703311
-604705217 -278943674
-634633015 -25794483
-767069695 -280132263
-894106386 -351191003
-599013789 -624240896
-300893372 -890152513
-734951332 -843086148
-295960347 -222654307
-788287157 -857242815
-946954548 -980594548
-921175494 -877837877
-451484075 -763892108
-603201428 -144952376
-179366894 -948717005
-507263027 -281636925
-725547130 -342547994
-390199710 -454416014
-798494038 -732386337
-775534359 -893445787
-854604135 -744532083
-882805421 -608471118
-845299842 -938951465
-607179809 -441969472
1000000000 -1000000000
-489710648 -832024357
-171134601 -661292232
-593818247 -757345918
-345864755 -20011125
-949089694 -877507920
-817651415 -265724591
-713917304 -932770987
-487857846 -458686112
-48676458 -35302061
-202482914 -519302686
-619133564 -164593393
-490144893 -301948530
-787590853 -467847236
-627421176 -503615047
-283162470 -418539046
-839548791 -76002889
-560069227 -418820699
-423863195 -270525840
-86920120 -716835081
-988432146 -493495505
-104852047 -200931252
-732458152 -130245915
-665637431 -980583427
-341695218 -277665783
-734310149 -681870131
-417247681 -369958408
-227637932 -719736392
-550267583 -219514361
-459004026 -143247688
-202175561 -770312655
-734485512 -232453605
-164275668 -352444348
-169620905 -152598715
-95862047 -460874201
-569604112 -234248743
-556558226 -916052658
-16413869 -727779707
-71884455 -190514491
-777220399 -118794026
-502178395 -160732983
-206391141 -671355969
-271859428 -472773810
-139578734 -213547625
-440843628 -566064235
-2940581 -716962396
-216466931 -626424250
-483645360 -582952798
-982477014 -334801049
-394313567 -871541243
-501402229 -632006814
-994531033 -601350928
-429976099 -942753118
-936795683 -95788276
-344680642 -875977992
-365193977 -232932037
-875178150 -758285194
-439874380 -1789119
-385500143 -929686145
-888517711 -706734572
-525391741 -265906556
-597965757 -467504496
-138471250 -446594856
-282067532 -40916831
-604670782 -673416842
-368239582 -948042953
-331110245 -457266669
-373686151 -336191160
-374100448 -153133651
-106639650 -64235720
-435649426 -795556785
-515347260 -637724113
-388445579 -539281404
-634549065 -518898366
-465579034 -291623352
-983518543 -953169642
-683453065 -37359965
-865286874 -482658538
-500100960 -453910223
-245064218 -598488969
-441599555 -983307056
-580147954 -264336990
-7449577 -709151651
-811395640 -908333654
-963969940 -599018470
-549919526 -546263230
-858090121 -608633856
-149214793 -537087446
-141024524 -460256412
-197761138 -513935716
-760957121 -572267985
-402303615 -740537849
-306875668 -732040823
-248004060 -796022134
-61706672 -984831750
-19684757 -344249406
-992115690 -604337446
-999838476 -923239379
-781831182 -248658437
-963320123 -744502284
-660119232 -632140970
-72222012 -912419131
-653738270 -240512417
-278799510 -609221658
-733148252 -69009949
-163567710 -908385812
-608268282 -842113262
-891739949 -819037667
-685540105 -665968815
-550245678 -14959980
-313797713 -452841065
-587851903 -364462222
-837110039 -37958817
-375553033 -225007694
-612431943 -775252248
-606234131 -867531104
-850107448 -926318113
-171195281 -534609736
-941883483 -732365167
-410433454 -770791353
-604589966 -74484425
-44354295 -537962892
-187256495 -107772829
-369719665 -557629858
-547119340 -690546195
-478666287 -608235495
-123619351 -881477141
-211080882 -731200471
-125620384 -518490547
-986359025 -315590837
-623038919 -228056417
-807278339 -589297861
-861196214 -575205792
-418277037 -92721009
-210237003 -958964102
-753564380 -699519219
-593534613 -770625808
-355025117 -70257251
-524268921 -323127097
-594880669 -772986957
-483798664 -644677900
-856980677 -718236004
-469662503 -592377806
-865884594 -57599505
-616016237 -845397086
-383631571 -443167435
-40967134 -25458099
-790357488 -299685021
-174788769 -73149499
-108725810 -77241776
-753579397 -702498193
-18949176 -918943978
-889397728 -871349784
-15495890 -183639005
-709879400 -742202758
-963097223 -433281745
-201515133 -759698240
-883349020 -111202924
-193135451 -108743259
-624226794 -548573524
-266229094 -52508610
-930580479 -719606341
-864741476 -364556388
-533035677 -783111804
-510927533 -825280214
-179221235 -199190717
-618082116 -601837124
-402604273 -435344784
-66373318 -718929874
-667696356 -804785334
-276719830 -354938792
-159846059 -220906854
-629156165 -328242700
-70947673 -811744400
-248401893 -488699238
-741661096 -754245909
-197774979 -367914109
-540544889 -780370868
-165777422 -980858874
-198870082 -754683574
-764258546 -822684555
-78822931 -501234027
-590644832 -1789790
-12738605 -990013227
-309724909 -240582389
-704192485 -429100656
-526453253 -962524137
-432634263 -490430660
-834844608 -306009034
-421043044 -840799573
-779057545 -837218527
-66220109 -361266831
-333078101 -393846455
-27735019 -92512440
-929428622 -760666659
-534537284 -487100741
-613334123 -629420440
-912316257 -670319864
-419641223 -43024224
-569290806 -826842364
-68018942 -32474582
-724002767 -898499964
-349003046 -151444675
-882434257 -32170889
-430024752 -2178233
-836379082 -12295610
-237209255 -678635446
-324028639 -44116348
-688082108 -925576958
-179401240 -80616442
-709040340 -809989394
-758063977 -463428169
-635743986 -823875230
-574457809 -415732128
-536782988 -389054763
-528932521 -471007037
-133699609 -267175068
-366686786 -526514531
-144014574 -964642413
-391720600 -93479073
-700800129 -809036952
-424322143 -567509555
-301966252 -157116132
-158778522 -687497217
-306042780 -393021915
-347328189 -544505768
-126180401 -714623712
-691225518 -766376056
-265549501 -825248731
-934511250 -892450243
-689490177 -897430798
-173695613 -841209207
-401721030 -14267126
-920543245 -499229035
-767131063 -17223480
-39686514 -883010230
-843305669 -470204336
-176797754 -855551454
-897923296 -25280658
-488384723 -447877595
-134114140 -437620895
-625300201 -536762286
-618459266 -42664936
-759839172 -76210344
-291647722 -753996534
-63082001 -770716778
-941779071 -513809769
-204281162 -103982819
-947940243 -770415866
-533952685 -121889489
-691419414 -487785381
-233837495 -290242093
-434940057 -814797161
-172953798 -790733113
-326258214 -949012303
-450454537 -833757879
-440488969 -562441614
-65598923 -444577113
-782277165 -385867789
-689087301 -18165086
-156240269 -80205201
-71802158 -234175810
-221447320 -120978851
-271531587 -298443847
-923691224 -111422406
-506351991 -300344188
-322015797 -608007843
-874203988 -696023309
-793944259 -363615610
-530215768 -912545332
-588026354 -5116769
-783394753 -250948008
-428146666 -165491596
-134293739 -569567034
-880276461 -342424619
-835266166 -679323929
-314613976 -227987390
-738102168 -999977952
-269101581 -171801352
-721030216 -133836524
-347641208 -344000884
-951228140 -473318691
-996629040 -777532334
-891403003 -693447044
-993558558 -929034545
-99208991 -522282848
-295905755 -281530916
-29578907 -361465442
-749874271 -327988086
-615572954 -579733166
-472981030 -157171476
-499454758 -475175132
-414401557 -784042582
-205485800 -295106911
-645456488 -273404037
-133042883 -602134639
-894397344 -695815195
-7866903 -274809691
-20966776 -427853330
-949392153 -427838209
-420459670 -628575024
-54130074 -982865839
-201669254 -44195511
-735536559 -881317678
-634156412 -745767144
-61387900 -351872880
-157431110 -926053137
-426523528 -493968923
-628155667 -54387657
-841625538 -831518461
-884076785 -520672852
-610992170 -788332610
-713151800 -66860671
-30952826 -980074789
-405921447 -922471698
-181079917 -811919755
-266747949 -974103379
-190973192 -551227556
-404118108 -659211256
-508620888 -515592975
-391682240 -476388238
-412147652 -795071102
-267807664 -769955829
-922792615 -533709705
-41502623 -857502075
-424629243 -299206835
-69879483 -68571131
-53177573 -804437656
-986706120 -210787670
-882661336 -963985882
-175858111 -381197520
-857732525 -371996084
-402036338 -914394156
-227425778 -938216269
-780917142 -489593201
-244046580 -372747841
-94400334 -59269529
-9830725 -637448577
-112293541 -645418376
-662227412 -921044182
-395036214 -430546681
-625402796 -717802645
-434684982 -789791165
-762278857 -563474384
-660343820 -31323193
-491439748 -427117764
-761411129 -475356797
-225010114 -686368243
-517520945 -657746584
-96958074 -244560370
-273992880 -117748306
-196100169 -208734792
-483167076 -614417765
-753954474 -517133206
-214684860 -446384517
-595322140 -396772354
-60284552 -953959510
-202052169 -917754471
-815445239 -222669708
-492906125 -614367026
-873720666 -509565989
-537857140 -60997036
-615129712 -160206478
-935753407 -949208532
-148478600 -600298570
-759798891 -552919585
-996946196 -510703356
-577403390 -327245656
-910381384 -870346383
-76706991 -114297681
-209603650 -358724529
-853604267 -477169406
-480319165 -133849507
-405076565 -518743522
-977914908 -824098802
-495291199 -716419389
-353827297 -351263495
-103756457 -19730817
-549078612 -546438928
-977240332 -354495464
-811187524 -557851929
-106035788 -830288609
-677488204 -742777103
-811864358 -334649323
-458026692 -109302389
-43320547 -64581078
-814118802 -191389355
-132361276 -547753183
-879305478 -478658118
-966753075 -513775203
-593603537 -918602015
-194193332 -47554298
-672864660 -400613553
-569906581 -146508194
-848729244 -825559898
-275188514 -29607510
-924823818 -297708631
-977415185 -477043620
-849426738 -734748749
-252286226 -667966699
-480529036 -456377657
-927006787 -928703776
-684740980 -316153247
-109659455 -5736249
-393834890 -735431331
-778452141 -232941414
-766004124 -179524647
-192077203 -253847
-724984472 -83822685
-408204767 -705432557
-780487540 -41824933
-701718653 -647055893
-235579292 -885674521
-121703147 -621031726
-92847040 -102755750
-156287103 -66963853
-747066472 -127062610
-649722186 -746635471
-392689267 -765490808
-547911725 -923183427
-348365062 -758763493
-412410981 -686990959
-634146739 -859374218
-516341971 -567090334
-104740229 -475193466
-12254798 -692574247
-652552326 -531038843
-868867704 -692594776
-129663627 -577773239
-438807296 -646316744
-963770008 -911993993
-28163608 -257502444
-413870664 -509768178
-128865356 -440408203
-161645048 -568708933
-27789481 -588745719
-435413509 -857643227
-896176816 -587484637
-688763344 -772373106
-198695240 -733008650
-610461833 -165357202
-971438241 -267445240
-904315876 -62950201
-636930256 -103669738
-520049331 -186316511
-866098301 -990766190
-141186782 -954470832
-97600523 -569414525
-289743136 -338709407
-572183884 -750934953
-894454912 -34104187
-508857699 -145952793
-526297771 -731105465
-371234770 -791252408
-77549091 -404003438
-796977878 -196592586
-127271871 -528551808
-418488294 -2513108
-654185791 -925118620
-512493169 -540159555
-619413634 -449655728
-491384999 -947448487
-629723258 -547226233
-754099136 -124503844
-737851594 -983532194
-165565884 -743990987
-982894524 -960969137
-370137511 -702335132
-319664110 -433387288
-903358170 -964685610
-708899208 -889975911
-517221583 -996405703
-108570588 -654300106
-828392100 -127848808
-775767898 -340937371
-393166151 -291631903
-560661198 -712769316
-825033129 -297627534
-52990724 -523165288
-673412238 -881237573
-637433438 -153395493
-704714709 -583554544
-262109333 -87837055
-438192784 -876659726
-302321497 -515266550
-773042425 -709118210
-796477680 -500805411
-384064822 -570198022
-774746328 -500346883
-719454541 -742121321
-583839541 -262883351
-255369598 -119326143
-858421300 -278705953
-990998477 -641588661
-911876777 -259565574
-775785491 -91754842
-705826016 -205704156
-341515747 -842651503
-966802481 -255098329
-262021185 -63686806
-69645255 -57960731
-536704254 -413939801
-140677274 -386057119
-826963961 -589539108
-240342861 -910470834
-550771587 -936628874
-126999167 -768690975
-446848383 -790345767
-95363020 -803941225
-517245836 -844776063
-767388171 -500450818
-401779791 -489467912
-207350723 -718729300
-30090940 -497350623
-29572654 -973742283
-636694653 -206897919
-14040632 -647067760
-772709493 -5486694
-684596315 -592654905
-396955459 -94918609
-695094170 -467578819
-485819893 -679674561
-912094423 -766380213
-149535320 -333131229
-736344710 -892486785
-511056475 -864630012
-945007836 -576682469
-679277209 -402218353
-861043887 -436070505
-627864210 -902317100
-593723847 -219116968
-692741714 -309449535
-59448024 -56716231
-666189009 -171314426
-390417989 -44740600
-2859719 -618140964
-169537848 -866511268
-25685400 -230161580
-676665015 -156247382
-986115799 -661940630
-933770936 -429803642
-704819547 -847547853
-660727912 -979696313
-777668834 -205655874
-510546637 -724296302
-198762507 -120677436
-675451882 -208759506
-569510935 -376917705
-441661044 -135791817
-96352723 -404609746
-384149801 -113735065
-598713454 -887275814
-666479766 -762921710
-152615266 -457962049
-593459022 -72783047
-326047991 -905122353
-642942930 -390214732
-574825448 -444011572
-853749402 -272583796
-29783635 -681433502
-71414370 -855890939
-327372818 -423018764
-295267768 -801828188
-888606506 -300684497
-354888596 -742133177
-63741114 -205546705
-357745514 -902924704
-406782747 -287648376
-573838208 -496920781
-508131451 -472436286
-989780169 -944767165
-761964598 -47897788
-469731328 -216426633
-442160045 -76132151
-913699976 -21102025
-264520748 -265958988
-457245657 -60224960
-126192491 -416974967
-266880365 -434484951
-894133194 -76002434
-390069074 -651829027
-319290825 -709445829
-992326890 -155345298
-796891261 -560874804
-367986078 -147597210
-613667086 -439037350
-298470263 -51109279
-650201450 -798995412
-148997251 -897287476
-665119200 -217280836
-49900531 -64052160
-402077267 -843647523
-616895005 -316572104
-477409121 -743274152
-714829993 -505715348
-514574233 -623092180
-22811459 -894049348
-505016942 -729975799
-220773120 -10389553
-287086346 -167540650
-809793832 -716241632
-572669755 -428108752
-886660245 -167618291
-355232698 -45663221
-485586085 -9938389
-315163950 -512644612
-695723049 -860443078
-645239988 -175821597
-265994116 -860910609
-290392523 -597662789
-189945027 -263796445
-430616172 -641595387
-175009904 -338030427
-539091849 -735959016
-865597753 -385756915
-643349496 -286909421
-899842851 -435961248
-328625569 -365229760
-398514582 -84800881
-899587215 -108379227
-710874037 -103387321
-51267822 -910027066
-200535900 -682111728
-684033455 -372363561
-323167792 -371536082
-266727448 -818724363
-266079274 -714010552
-1122040 -934619362
-114212015 -267873339
-368215330 -63804086
-730520696 -413485927
-362240494 -222175315
-663567671 -224337407
-928813713 -851445395
-433877658 -274048427
-513280014 -592227736
-938695420 -933473027
-672004055 -518571269
-730032697 -908017070
-759923853 -84581060
-24684575 -215018962
-124417823 -919665732
-440754744 -194346303
-693944870 -709604510
-760373267 -52530419
-742528259 -349736617
-866115005 -61822127
-531246576 -64942872
-862354175 -881174717
-811130495 -378512200
-231147973 -900349693
-777500912 -977933186
-574343883 -695795316
-539417169 -1077717
-810687803 -212710942
-262946203 -79659669
-747336094 -287333473
-219715174 -835053786
-857546098 -76555804
-700684932 -801575596
-466248595 -212191489
-576010757 -855365017
-261815962 -17022276
-166277158 -412864103
-337670328 -136721807
-888393858 -331390568
-840167279 -875845913
-151150474 -707359091
-818171403 -539144591
-901570094 -644241930
-756955262 -377411322
-658858962 -485971943
-273190397 -525537923
-388709140 -643556951
-816136638 -672864534
-971476227 -56043139
-741192000 -150725071
-992417397 -556387750
-359246691 -215162320
-940097759 -452003254
-13831372 -531933207
-930682538 -44240794
-548530776 -951280274
-743609857 -571693367
-658895518 -539098876
-986449770 -757990016
-705495358 -372702707
-925360629 -404705862
-296693200 -436499296
-58130602 -940444345
-491382942 -811871260
-468313724 -989094406
-703778415 -755040573
-102277348 -520466497
-502684257 -132273668
-53264541 -783676510
-146641382 -1297055
-775060265 -9101015
-250638252 -61772163
-146265078 -470292091
-699885990 -509782495
-731235039 -439378810
-936070609 -715976165
-649651134 -449313083
-359242646 -427587475
-956468193 -369529143
-92116995 -366621409
-690017763 -170806862
-271517209 -342235822
-218254139 -47517090
-295835381 -395967333
-780178816 -894251080
-882878419 -622878
-526474459 -553053321
-638660951 -294050109
-941063749 -880779335
-457731644 -320961787
-8123047 -321264389
-650328649 -65719584
-507658035 -79114472
-759236233 -713373735
-6447713 -760159482
-477004150 -486311793
-455376725 -868273154
-573885308 -480179928
-702540753 -87681961
-244511731 -948083746
-88276903 -491627871
-69151394 -527443527
-435454707 -960251239
-811220494 -489320490
-549801640 -569764115
-173774873 -459535746
-428113620 -41535319
-777413555 -630717551
-161604100 -306289820
-986537775 -168273433
-638422339 -64678874
-333661010 -337245647
-517567274 -720066103
-283075661 -678017041
-985476731 -549457245
-475933357 -628758126
-622314517 -735849427
-11675745 -583012915
-313057835 -503514110
-695735024 -553863180
-673708843 -269352748
-326271620 -519819459
-873560506 -744435025
-164872717 -202737416
-394799946 -678212515
-326928832 -77469133
-185292170 -443476372
-46547604 -304184259
-115091403 -531209298
-252899203 -428623846
-124093554 -475313830
-66733075 -781471596
-249861132 -822576301
-264433980 -580427413
-612713255 -895404213
-348423670 -492595952
-723267675 -177507066
-743245010 -796506451
-294425915 -979094996
-17038855 -873613013
-516069780 -272070839
-874259664 -386277368
-642252152 -211331185
-471964755 -631381635
-41255075 -232017272
-121123440 -633438935
-744044804 -795212805
-543202726 -751945101
-917049621 -976041543
-907728199 -271911444
-872275254 -889209526
-982689843 -669372571
-177443007 -925136395
-889061085 -108672948
-781951079 -888867956
-43842253 -5162752
-106063615 -689896942
-299170274 -261734113
-9706865 -260562019
-798904401 -962277568
-37627323 -189117796
-352901668 -39617496
-986791706 -397657194
-438070557 -989503805
-890464060 -843121964
-278316214 -407877529
-551746453 -57659294
-208959185 -572070313
-511974928 -137703048
-146395460 -185878286
-191804203 -58904476
-713862191 -919347338
-927780393 -419952566
-627705664 -536818928
-968786321 -431144124
-102588690 -700207265
-643436889 -613924441
-369073600 -796596552
-1000000000 1000000000
-145088321 -917964537
-819439169 -810282694
-366034317 -941029384
-782607439 -610242489
-169648558 -983495512
-274906873 -745215935
-175530841 -785935825
-713374370 -70076942
-570397789 -480917472
-16232777 -462957574
-890834903 -360952857
-903701391 -764665406
-413835794 -44442792
-283929872 -847896041
-121048577 -29745057
-281007066 -441527446
-807006620 -150376
-978407311 -542006085
-93115899 -844252739
-264771839 -435562103
-819482805 -898685131
-715345048 -788417163
-694119207 -533171102
-572252250 -862019697
-254168730 -714692646
-885050115 -496681274
-431315908 -939352550
-362677494 -388415332
-898266720 -621066103
-51685121 -959354942
-840826820 -637767277
-942089302 -234524208
-610598031 -991508334
-913367266 -727508148
-668153762 -670131452
-613442728 -461816605
-413556890 -504722845
-169632594 -654596971
-1000000000 -1000000000
-136774264 -806335083
-599722044 -870007362
-603215857 -566158041
-250137959 -588739476
-696322411 -221205569
-493298688 -619696445
-583697993 -706779819
-989405770 -761274491
-921975854 -4558068
-464473141 -416350623
-31409250 -240780783
-251455864 -947678501
-658464233 -867772922
-496920910 -532080188
-276563587 -939684611
-488642254 -939644498
-337406371 -811865144
-295536989 -467319658
-187658007 -759776959
-72854278 -781341402
-801930093 -797755295
-639458342 -314074822
-430292928 -22860346
-288515455 -405549808
-197267233 -787769032
-641278941 -487732866
-424066233 -865219414
-893476749 -501792086
-144856378 -868626166
-280282197 -835956490
-29923020 -386185244
-301060451 -962475006
-783760478 -422072000
-583043636 -457448220
-49589508 -20030
-280853136 -771211557
-842857743 -682260151
-808343523 -357759738
-720933452 -941300889
-120524103 -45079290
-687402475 -272907943
-485425974 -353348343
-842363790 -116704044
-8955825 -731006086
-754897847 -883802680
-676907794 -890268565
-990188618 -612968674
-136514494 -781917684
-395483971 -394351924
-471485880 -4619559
-545304462 -602029721
-899373952 -342554619
-653309096 -975246918
-142780602 -915169527
-792901923 -147235532
-180046779 -670280433
-885364217 -645320179
-953562590 -13507199
-132004388 -929245852
-808943369 -734797146
-50600045 -885925742
-306275648 -394225648
-517655103 -329922117
-808471777 -147108466
-785749394 -227941762
-153296748 -907494853
-819439616 -783060523
-136127302 -804730363
-594082132 -200926517
-961378565 -598664493
-87619805 -578874377
-489731465 -442266276
-543079257 -8337660
-197326356 -235257606
-750424228 -413338369
-395897015 -820285338
-192994234 -307705644
-672552818 -679841438
-200065744 -804973193
-921565483 -316416589
-115009183 -205725753
-379387009 -812267586
-116776481 -388204988
-340635345 -10986957
-663370031 -167954129
-624507142 -580244191
-850288132 -118886700
-82594629 -900677740
-231609188 -36186492
-933227943 -85888180
-961653996 -588513222
-385992843 -749282354
-133216248 -850799956
-416228528 -565505343
-496466801 -550644976
-401028757 -987500202
-221351585 -689770061
-191544678 -352908751
-895104631 -225522030
-928154197 -729490351
-148389536 -569841811
-218075197 -728553422
-533992658 -832987946
-7486742 -601226552
-613027929 -477107234
-299944743 -246585642
-793977790 -738979970
-505365785 -225930469
-23817424 -689958213
-748403053 -576903658
-112932490 -314768986
-15297182 -668047865
-211525548 -547096665
-828055812 -575030521
