955
-500000461 499999573
-500000200 500000494
499999939 500000463
-39524918 53025080
-99 -500000165
-500000200 500000091
-500000219 499999560
-499999918 499999537
410 -499999818
499999933 500000103
-782940 -97167732
-349 -500000158
7048224 -70490840
500000237 500000298
-121433800 71838974
-31 -500000005
-32457770 46244438
-499999501 499999892
-80 -499999657
-35641170 49618842
42320296 72411986
74727308 71138626
26180458 73303338
-499999706 500000285
115633998 102431448
68 -500000372
4278666 -57375232
149 -499999816
22487714 73589844
103377908 90461864
-270 -499999829
500000479 500000044
500000196 500000490
-55601088 63052790
-10810650 11354374
-500000307 500000417
500000085 499999818
122032632 111981648
-499999698 500000129
-499999956 499999815
-499999564 499999925
12428170 15047118
500000329 500000033
-49902802 60665240
-2820316 -102929686
102200050 89538678
-39811424 99566388
500000287 500000261
-499999751 499999721
500000210 500000451
-499999892 499999694
82 -499999762
-175 -500000077
-499999963 499999743
499999688 499999714
34489132 72762160
5902200 -9815236
417 -499999652
-499999886 500000124
499999917 499999839
37990872 54680448
500000059 499999858
500000460 499999888
-500000424 499999813
62566720 68400902
232 -500000459
120313596 109180256
6570714 -67180104
500000366 500000178
-47674422 59391880
-137 -500000036
-317 -500000422
-500000245 500000088
-499999551 500000095
-19469498 29881762
-37 -499999640
-499999603 500000121
-95329920 71902642
-25740796 88710994
499999761 500000333
55276734 72825828
-500000414 499999838
-1196782 -98504760
-28223848 41437504
72339758 70820286
-9027946 5687922
-16508936 25074828
1127100 -34263748
-500000080 499999546
249 -499999951
-47610754 108861916
44 -499999862
-500000243 500000456
1986618 -87235524
2973472 -82333088
475 -499999683
26689802 41915014
21691864 73653512
14720218 21286582
500000094 500000380
500000106 499999552
-18387142 28258228
-458 -500000355
-499999524 499999818
500000276 500000482
500000409 499999860
500000275 500000233
500000016 500000293
6252374 -64697052
-445 -500000331
-500000234 499999673
-500000319 499999810
-475 -499999530
-499999534 499999671
104619434 91448718
500000383 499999894
-500000114 499999670
499999962 500000119
-152 -499999867
-9823796 8393812
-23194076 87278464
87811082 80402320
-48597608 110230778
-27714504 89857018
110285886 96478490
-6608562 80179482
463 -499999975
3100808 -43686612
4501504 -41712904
411 -500000175
-499999878 499999976
72148754 70788452
36876682 53534424
-499999916 500000302
-371 -499999533
500000358 499999989
-190 -499999658
500000166 500000075
-317 -500000022
-101728554 72220982
390 -499999590
-500000387 499999502
11791490 75213378
500000486 500000080
-27173326 89538678
46968060 61556592
124993194 117170590
4310500 -58998766
92172340 82821704
-499999627 500000146
-1578790 -99714452
-500000014 500000402
500000234 500000340
500000139 500000169
-500000125 499999855
500000361 499999539
499999734 499999779
-44140848 104373322
17617112 -104107544
86760560 79861142
107452660 93868102
421 -500000316
-499999981 500000043
69888540 70310942
4469670 -40726050
7812240 -901716
500000270 500000365
-499999779 500000267
5774864 -60526798
-95871098 71934476
106211134 92785746
-82628154 70279108
-17527624 26857532
105606288 92276402
101722540 89188504
1763780 -36874136
-499999535 500000151
-51844676 114974044
-500000063 500000314
66514136 74035520
-500000205 500000046
94241550 84095064
499999968 500000421
-500000468 499999719
363 -499999696
363084 -93347652
71 -500000257
-401 -500000093
499999812 500000019
500000406 500000379
6538880 -6600002
500000237 499999691
4246832 -56165540
-500000167 499999624
11122976 -89400236
-499999612 499999709
95 -499999856
63489906 73621678
16725760 25902512
7684904 -74470090
-13803046 82758036
-295 -499999824
116875524 104086816
112386930 98579534
-14185054 82917206
-241762 -95416862
499999855 499999617
-65342292 66363526
-499999594 499999646
-500000098 499999722
6729884 -68326128
500000006 500000145
500000191 500000239
-14567062 21350250
499999685 500000411
-500000408 500000289
-500000329 499999837
4660674 -45469316
124706688 116629412
41046936 72443820
11855158 13296248
-499999867 499999680
-107044832 72380152
2050286 -38147496
16311918 -101656326
500000482 500000350
78292716 76359402
-230 -499999584
-396 -500000121
500000286 499999558
11632320 -90960102
-499999902 500000183
499999988 500000444
122732980 113159506
-66392814 66681866
5488358 -12616628
-467 -499999580
4788010 -20224954
-89 -500000425
-90618488 71425132
41078770 57386338
-50921490 113605182
-22843902 34561360
12810178 -94079834
88479596 80752494
-499999576 499999638
-13898548 19790384
-306 -499999745
499999944 499999766
-233 -499999582
-12752524 16893490
2750634 -83574614
-33985802 94377446
-15426580 83458384
112641602 98866040
57664284 73016832
499999500 500000361
-25199618 37649258
73867790 75213378
-236 -500000133
30032372 46021600
-499999633 500000176
386 -499999680
499999920 500000397
500000284 500000137
-27555334 89761516
-38378894 98070190
-59962346 64612656
-72600444 68273566
-499999634 500000157
301 -499999579
-74510484 68687408
499999695 499999839
5615694 -58648592
-233 -500000131
191 -499999526
6761718 -68548966
-59039160 64294316
4087662 -52313626
-500000445 499999853
-12 -500000149
469 -499999989
60 -500000389
4374168 -36810468
499999849 500000027
385 -499999554
-86 -499999828
9053766 -81282566
51520322 64166980
-500000427 499999565
121491454 111090296
38404714 55062456
-499999901 499999601
457 -500000362
-18641814 85018250
-49616296 60506070
-36914530 96669494
5997702 -62627842
-500000435 499999929
499999584 499999632
-500000383 500000189
500000029 499999739
84850520 78906122
-48533940 59901224
19304314 30964118
5456524 -56706718
-16222430 83840392
-402 -499999896
-21984384 33383502
-28319350 90239026
-500000245 499999748
499999543 499999612
1572776 -89018228
79470574 76805078
-499999547 499999984
-500000208 499999776
8226082 -77366984
45662866 72475654
9722280 6292768
-58211476 64007810
-499999680 499999900
118339888 106124192
15293230 22782780
429 -500000350
-3234158 -103948374
499999923 500000019
139 -499999906
-63400418 65758680
5297354 -54669342
500000383 499999578
500000496 500000056
-13166366 18007680
-500000165 499999607
8830928 3109368
-4252846 -106081252
-35259162 95364300
-41 -499999548
59701660 67541384
500000303 499999763
9785948 75627220
499999651 500000262
40060082 72475654
-500000262 500000450
-15904090 23960638
-499999581 500000243
-180 -499999640
-71358918 67987060
3960326 -73515070
424 -500000115
3896658 -49894242
117830544 105392010
30 -500000188
-31789256 45512256
-500000462 499999503
-438 -499999636
-40607274 100425906
-500000094 500000291
3960326 -50690092
123242324 114019024
-159 -500000061
500000109 499999904
4406002 -30984846
-471 -500000090
500000026 500000429
500000047 500000486
-500000391 499999620
6316042 -7682358
-45 -499999654
-39365748 99088878
27994996 73176002
500000218 499999795
4183164 -69185646
-53149870 62065936
-9569124 7597962
499999722 500000012
-500000236 499999962
-61649548 65185668
15293230 74513030
-500000350 500000358
-298 -500000172
48687096 62607114
500000200 500000176
-41625962 54775950
-500000195 499999735
-118059396 72061812
-499999912 499999798
500000331 500000467
53716868 72730326
394 -499999897
91 -499999924
-46687568 107620390
-499999522 500000420
499999998 500000218
73040106 75054208
9340272 75722722
30414380 73016832
499999593 499999814
500000430 500000376
19399816 73876350
500000043 499999694
-109368714 72411986
500000100 499999778
499999973 500000198
124038174 115419720
-500000313 499999664
499999703 500000218
218 -499999697
4023994 77059750
499999847 499999867
499999513 500000132
-499999831 500000080
-500000077 500000439
499999982 499999866
-72313938 68209898
460 -499999984
19 -500000212
-500000294 500000365
-220 -500000126
499999869 499999686
-17 -500000072
-270 -500000192
24493256 73430674
5297354 -14303830
50151460 63466632
45662866 60728908
499999981 500000397
15993578 24310812
499999533 499999800
-499999775 499999795
15452400 23132954
439 -500000375
500000142 499999987
-500000059 500000031
-51303498 61301920
4565172 -43527442
500000401 500000194
-11383662 13041576
-17 -499999716
-38824570 52420234
499999593 499999558
81635286 77632762
499999630 499999675
-68271020 67191210
-75688342 68942080
1158934 -90514426
-123375674 71679804
4565172 -24681714
119581414 108034232
98952982 87214796
-500000040 499999864
-27236994 40227812
76605514 75818224
15 -500000227
7844074 76072896
-500000372 500000367
500000062 499999767
30955558 47103956
-499999520 499999763
-50189308 112522826
-124999208 71520634
499999874 499999656
3832990 -49162060
3578318 -47092850
-3839004 -105221734
-500000015 499999556
419 -500000048
-499999666 500000044
499999763 500000189
-28510354 41787678
-500000147 499999648
500000090 500000021
-500000442 500000433
-14280556 20713570
61548032 73367006
298 -499999692
-500000326 500000299
499999741 499999606
-500000003 500000369
32419922 72889496
1986618 77632762
-342 -500000232
-500000146 500000317
-49552628 111599640
32579092 48982162
109744708 95969146
-500000293 500000082
499999973 499999874
-34717984 48663822
-166 -499999544
-500000396 499999674
44007498 72443820
499999955 499999760
8703592 -79659032
-70053724 67668720
147 -499999970
-500000138 500000359
-339 -500000008
-407 -499999916
-499999719 499999549
68169504 69897100
4947180 -49830574
21055184 33861012
2559630 -40662382
-42994824 55890140
-20074344 85718598
-499999643 500000025
175 -499999685
5647528 -11279600
65431780 69228586
51 -499999634
-499999877 499999976
-119173586 71998144
-86798408 70915788
-500000121 499999650
499999561 499999508
43052478 58882536
-111724430 72348318
114392472 100903416
500000274 499999665
55977082 66268024
70079544 74544864
2400460 -85420986
15516068 -100128294
21787366 35007036
-100900870 72189148
-500000224 500000457
500000339 500000054
-85429546 70724784
34839306 51433380
-10205804 9571670
-500000142 500000385
-25517958 38063100
9244770 4605566
68551512 74322026
35794326 52420234
499999516 499999902
10645466 -87935872
-54391396 62575280
-499999955 500000396
-93 -499999689
76 -499999535
-31534584 92499240
4533338 -42636090
-252 -499999798
37831702 72571156
-499999686 499999817
-320 -500000139
14 -500000470
499999693 499999582
499999778 500000409
40569426 56972496
7271062 -71955204
4310500 -63073518
-30197556 91512386
-77693884 69355922
76541846 71361464
57855288 66968372
-3361494 79192628
500000091 500000268
-28956030 90652868
-4 -499999951
-500000237 500000195
95610412 84954582
4342334 -60717802
6952722 -4658128
-500000175 499999953
24716094 39304626
-345 -500000283
362 -499999606
348 -500000172
81221444 77473592
-32585106 93295090
4342334 -34932262
25830284 40800824
-63909762 65917850
0 -500000311
4119496 -71254856
-499999748 499999987
60752182 67859724
33438610 49969016
8480754 1804174
97775124 86387112
230 -500000206
500000020 499999932
114933650 101540096
10518130 8966824
13351356 74895038
41810952 57959350
170 -499999819
17203270 26921200
-42103472 102049440
4660674 -22548836
22392212 35930222
499999699 499999655
13 -499999836
499999996 499999777
85519034 79224462
-98067644 72061812
-79572090 69737930
-17272952 84349736
3896658 -74374588
486 -500000044
-375 -499999816
-42 -499999692
500000364 500000427
5074516 -16277538
6284208 76454904
-13675710 19249206
-419 -500000386
60306506 73239670
-499999789 500000447
-490 -499999592
34043456 50605696
-80940952 69992602
499999648 499999928
5679362 -11024928
-487 -500000182
-499999654 499999979
65145274 73844516
2909804 -42572422
281 -499999686
29363858 45225750
-499999941 499999525
500000210 499999993
-85 -500000008
-500000398 500000464
71830414 74831370
-356 -500000423
10072454 7470626
-33 -499999665
499999540 500000081
500000438 499999811
19336148 -107131774
59 -499999580
-33571960 47454130
-103479424 72284650
-45637046 106251528
-40511772 53852764
500000259 500000392
13797032 -96435550
54480884 65599510
89 -500000275
8003244 -105866
-21061198 32110142
121141280 110517284
-499999944 499999998
-499999970 499999891
7971410 -76061790
-500000439 499999749
332 -500000088
499999977 499999671
52952852 64867328
-116181190 72157314
-46655734 58659698
500000128 499999649
-499999842 500000370
74981980 71170460
-500000407 500000495
500000403 499999590
-499999910 499999911
18572132 29627090
-11 -500000069
499999901 500000500
-499999878 500000202
-499999925 499999891
-1960798 78778786
-29401706 42838200
390 -500000453
198 -500000494
5265520 -54255500
456 -500000068
10136122 -86057666
-469 -500000492
499999878 500000284
500000147 499999553
2209456 77569094
-500000295 499999832
19909160 32014640
-105 -500000058
55435904 66045186
-76 -499999958
55690576 72857662
-500000071 499999942
16789428 74226524
-499999829 499999549
113660290 100043898
-330 -500000075
223 -500000001
20131998 32396648
-500000348 500000045
3228144 -80454882
-499999645 500000090
-110642074 72380152
-328 -500000122
499999667 500000306
59224150 73144168
499999994 500000339
4406002 -38656840
11059308 10749528
-500000173 499999662
-105675970 72348318
208 -499999764
3705654 -76507466
9435774 -83033436
-499999986 499999627
-308 -499999748
8576256 -79054186
-500000483 500000050
2336792 -39516358
-12434184 82216858
2 -499999741
14115372 19694882
-146260 -95098522
-32998948 93613430
4214998 -68135124
-20329016 31091454
-499999796 500000045
500000074 499999817
449 -499999680
-499999508 499999848
-389 -499999920
27421984 42838200
36144500 72666658
4183164 -54542006
-500000122 500000320
7493900 -73355900
6507046 -66702594
3228144 -44482462
7589402 -1856736
499999612 499999862
70684390 70501946
500000377 500000227
500000354 500000143
-29879216 91289548
28472506 73144168
500000412 499999684
4819844 -48016036
500000358 499999732
-37 -500000022
-500000129 500000240
500000074 500000402
-500000359 499999944
-499999958 500000184
15102226 -99268776
-31184410 44843742
-15267410 22782780
499999693 500000137
92745352 83171878
500000282 500000326
-499999502 499999786
499999778 500000056
14497380 -97995416
-9155282 6165432
-156 -500000366
13446858 -95639700
-37232870 96956000
499999675 500000105
500000306 499999520
-54550566 62638948
-43090326 103131796
-422 -499999845
-499999732 499999940
5106350 -52090788
-499999558 500000447
-143 -500000384
500000165 499999513
173 -500000016
22328544 35834720
96979274 85845934
4883512 -18728756
500000204 499999967
649590 -92328964
-499999871 499999946
2686966 -41330896
48623428 72539322
-114048312 72252816
-17050114 26029848
500000268 499999873
12937514 16479648
25129936 39877638
39423402 55985642
4469670 -27801446
115092820 101731100
499999836 500000111
16916764 -102802350
14752052 -98536594
-49839134 112013482
100 -500000369
446 -500000108
3514650 -78322004
499999689 499999997
4374168 -32863052
-88867618 71202294
-8168428 80688826
269 -500000335
433 -499999622
500000296 500000000
-499999606 500000334
-500000088 499999592
108535016 94854956
-499999756 499999831
67118982 69642428
-500000156 500000079
119072070 107238382
75491324 75563552
-499999537 500000073
-500000107 499999887
-12402350 15938470
1572776 -36078286
-11797504 14251268
26626134 73271504
-57065452 63593968
31942412 48249980
499999514 500000303
500000126 500000443
499999898 500000147
-500000407 500000103
8257916 944656
-36309684 96191984
-24149096 36280396
-499999644 500000098
76 -500000354
317 -500000163
500000154 499999717
-44873030 105264674
500000000 500000132
-403 -499999591
57950790 67000206
11504984 12182058
6061370 -8987552
500000372 500000089
13542360 18135016
-1355952 -99014104
-499999922 500000069
331250 78110272
82622140 78014770
20514006 73749014
500000324 499999630
-1419620 78619616
499999664 500000405
-52640526 116183736
4724342 -21275476
-428 -500000425
-499999658 500000007
47381902 61811264
327 -500000495
7175560 -3671274
-499999565 500000282
5042682 -16564044
-40989282 100839748
-43981678 104182318
-42835654 55762804
398 -499999694
-500000335 499999984
500000165 499999895
116143342 103099962
-499999803 500000358
-50794154 61079082
500000460 500000310
4278666 -65301898
51583990 72634824
-500000159 500000220
19081476 -106717932
120886608 110103442
499999764 500000165
-499999915 500000270
-36819028 50669364
3482816 -46360668
499999753 500000291
-9409954 7088618
17744448 28067224
-18673648 28703904
-416 -500000211
37 -499999959
137 -500000341
28281502 43920556
-389 -499999918
-499999920 500000054
-499999995 500000305
-500000152 500000048
-130 -500000019
-2183636 -101306152
11664154 -91055604
499999703 499999620
55213066 65949684
-11256326 81771182
419 -500000066
-37614878 51369712
-499999529 500000331
253 -499999823
-44363686 56940662
100353678 88201650
73485782 70979456
500000437 499999673
-500000424 499999905
12269000 -92742806
-24690274 88106148
369 -499999724
11345814 11672714
-499999733 499999741
-11001654 81675680
499999858 499999692
220 -499999783
-500000428 500000401
-9250784 6515606
64413092 68942080
23983912 38285938
-92687698 71679804
-45573378 57863848
500000003 500000467
18349294 -105444572
44262170 59742054
-500000432 499999648
111463744 97592680
-83806012 70470112
-500000284 499999619
-499999601 499999918
-33985802 47899806
-30356726 43920556
191 -500000386
316 -499999762
47190898 72507488
192 -499999675
-499999932 499999531
252 -500000065
-93738220 71807140
-98672490 72093646
-53245372 117106922
46013040 60951746
-9760128 81230004
500000500 500000008
499999510 499999997
-23735254 35739218
4437836 -29202142
352 -499999541
-51685506 61461090
54 -500000331
499999801 499999662
-21634210 86482614
4501504 -26496252
79 -500000075
91471992 82407862
-26313808 39081788
-232 -499999516
-499999676 500000381
57059438 66681866
90039462 81580178
-30102054 43634050
-499999766 500000375
-357 -500000314
9212936 -82014748
268 -499999564
3546484 -78067332
499999823 500000048
500000057 499999541
