306
299 55
89 185
270 319
207 249
287 263
12 128
10 126
229 182
31 165
238 181
354 193
64 294
190 2
97 56
336 85
126 244
114 328
248 35
349 160
155 46
69 200
99 299
200 357
250 16
262 85
118 53
215 81
160 120
70 63
110 342
120 232
342 137
225 303
68 289
33 274
306 321
59 97
235 43
228 173
221 265
311 191
335 218
119 261
309 264
10 220
33 288
166 178
80 101
146 351
140 31
229 72
327 82
204 52
102 160
302 250
97 166
315 301
158 59
202 138
351 134
198 308
45 169
141 75
94 322
44 297
279 276
233 307
74 151
217 58
110 338
316 260
359 219
166 293
129 145
12 245
123 262
278 47
37 92
143 359
212 348
181 293
258 75
2 161
71 275
210 42
25 97
249 91
141 344
206 37
75 326
130 117
172 349
130 356
289 321
118 313
220 297
36 270
185 196
35 189
56 234
282 264
165 283
264 213
51 305
253 199
161 317
341 242
230 15
332 178
249 163
197 287
82 116
196 305
241 88
68 74
346 123
159 348
208 287
125 303
119 336
138 237
139 15
191 8
353 125
4 147
358 156
298 263
169 238
254 334
283 298
171 16
295 74
4 169
103 142
135 54
237 320
191 124
206 110
32 114
243 82
133 265
35 146
56 191
67 236
353 218
236 338
339 229
241 279
232 184
106 304
260 23
347 226
312 301
321 233
125 39
126 291
232 151
124 290
360 206
235 228
112 129
14 117
325 130
214 150
196 311
224 310
298 92
240 330
57 182
52 59
335 116
340 135
260 79
18 240
133 242
365 158
80 64
269 31
113 323
336 123
167 344
79 165
225 95
279 247
109 93
242 335
202 331
132 36
77 260
155 12
162 354
303 171
98 41
82 311
281 323
350 154
39 234
195 197
224 244
92 48
67 228
38 227
174 10
72 153
138 166
262 219
330 95
272 201
356 134
83 35
46 83
195 164
54 56
240 346
122 335
325 288
220 167
257 324
237 224
1 192
41 249
342 193
217 282
354 209
186 284
9 168
297 48
284 235
122 111
54 72
26 167
65 324
317 286
23 98
282 32
210 68
36 212
146 247
-963 -963
236 355
17 142
145 105
63 158
43 145
265 232
28 126
365 187
226 113
132 69
256 120
186 334
297 309
198 214
338 94
148 22
190 14
94 266
296 255
129 47
127 127
287 146
23 172
142 214
324 204
327 70
329 141
291 319
250 213
256 248
96 289
331 185
37 254
32 88
330 119
174 132
352 212
264 36
286 224
3 170
108 29
258 275
157 315
136 131
181 203
14 154
213 46
275 251
13 130
96 196
306 76
359 137
147 114
278 231
105 77
142 28
69 262
204 350
963 0
173 21
187 358
351 226
113 195
304 84
228 361
211 330
-963 963
