314
-309 -278
-302 -325
-269 -322
-241 -83
-8 -339
-92 -64
-9 -279
-28 -49
-155 -107
-152 -10
-260 -191
-175 -242
-66 -324
-87 -92
-60 -340
-121 -15
-219 -131
-68 -346
-214 -247
-25 -201
-98 -119
-214 -344
-126 -31
-127 -243
-27 -116
-6 -79
-315 -269
-135 -224
-132 -331
-127 -200
-21 -315
-280 -25
-191 -260
-146 -356
-85 -79
-319 -290
-8 -248
-233 -301
-119 -288
-335 -317
-5 -122
-199 -147
-22 -238
-65 -218
-145 -78
-297 -168
-315 -320
-164 -207
-106 -157
-276 -186
-181 -199
-250 -322
-43 -277
-313 -74
-216 -275
-167 -74
-258 -253
-347 -12
-319 -163
-210 -104
-277 -233
-354 -73
-40 -47
-356 -185
-361 -241
-172 -2
-89 -361
-325 -287
-330 -269
-88 -84
-33 -304
-350 -224
-152 -91
-33 -237
-154 -94
-356 -48
-114 -182
-256 -29
-280 -258
-287 -104
-282 -6
-43 -8
-256 -133
-292 -8
-86 -307
-66 -126
-93 -205
-123 -161
-51 -96
-187 -242
-295 -55
-139 -297
-198 -61
-46 -154
-60 -5
-182 -246
-223 -185
-328 -93
-78 -319
0 -1082
-5 -91
-294 -320
-117 -314
-74 -19
-113 -130
-155 -280
-224 -353
-179 -196
-324 -23
-108 -285
-266 -347
-157 -18
-271 -342
-78 -103
-76 -82
-100 -138
-348 -329
-213 -21
-274 -225
-13 -32
-201 -9
-339 -165
-245 -314
-247 -306
-170 -255
-24 -333
-240 -216
-98 -360
-339 -18
-218 -347
-50 -266
-18 -49
-253 -168
-308 -58
-9 -175
-15 -30
-322 -344
-255 -340
-297 -249
-95 -145
-27 -312
-273 -317
-216 -265
-183 -20
-240 -101
-301 -257
-97 -27
-75 -208
-22 -223
-355 -359
-262 -147
-26 -10
-212 -11
-291 -61
-347 -121
-86 -360
-42 -183
-95 -330
-334 -341
-312 -93
-221 -90
-208 -336
-150 -72
-122 -114
-44 -70
-20 -173
-269 -346
-361 -276
-276 -37
-292 -348
-304 -124
-306 -321
-323 -254
-99 -52
-300 -300
-179 -2
-266 -102
-11 -56
-341 -23
-236 -246
-90 -310
-102 -239
-181 -106
-215 -354
-112 -345
-13 -354
-270 -182
-215 -353
-23 -11
-263 -249
-80 -330
-132 -165
-41 -132
-235 -9
-133 -20
-318 -31
-313 -51
-23 -125
-19 -177
-332 -36
-56 -356
-285 -293
-352 -44
-261 -3
1082 1082
-17 -140
-149 -357
-24 -129
-104 -250
-311 -348
-189 0
-77 -215
-193 -349
-112 -196
-143 -229
-153 -124
-31 -199
-322 -155
-335 -234
-209 -306
-243 -7
-307 -253
-64 -248
-14 -264
-268 -195
-344 -217
-74 -28
-281 -300
-237 -66
-62 -80
-288 -312
-55 -150
-64 -287
-109 -191
-304 -54
-360 -171
-352 -324
-47 -72
-119 -226
-21 -278
-360 -1
-206 -189
-338 -335
-52 -103
-10 -323
-191 -54
-62 -335
-104 -229
-314 -350
-72 -295
-140 -297
-36 -342
-265 -176
-131 -130
-93 -265
-70 -27
-1 -140
-128 -45
-97 -90
-18 -209
-285 -357
-353 -159
-306 -3
-244 -64
-19 -120
-282 -151
-357 -24
-250 -358
-218 -86
-108 -352
-204 -89
-14 -58
-329 -201
-358 -288
-135 -333
-59 -38
-262 -41
-205 -171
-35 -311
-142 -292
-343 -142
-6 -30
-1082 1082
-41 -78
-340 -131
-327 -167
-30 -222
-109 -7
-237 -247
-141 -33
-17 -232
-354 -289
-224 -45
-331 -228
-289 -316
-105 -351
-325 -5
-303 -192
-341 -35
-2 -178
-338 -148
-234 -290
-252 -138
-330 -195
-99 -16
-246 -188
-265 -245
-316 -226
-101 -76
-294 -148
-359 -22
-305 -293
-302 -26
-257 -223
