1000
496963365 -584310020
963238159 -571008004
18078662 -750762438
135156509 -968440195
77520950 -725908810
956053561 -538228505
806742035 -803854232
529068738 -825479182
64371444 -975013392
164324947 -824966981
629969244 -744727107
685160229 -787078273
985061882 -907085223
349370979 -716383138
475914443 -960193635
252658958 -717559051
917658059 -534388430
998108602 -991788296
550343447 -695894478
840574997 -717446922
161891175 -930888548
258061657 -522626365
895813507 -988655339
479526001 -559077200
76182776 -527288210
69136906 -783767929
367728009 -782386927
856833876 -938630143
699209214 -515227013
734344682 -529776423
720296277 -691492198
914915567 -633688062
120975901 -710059884
700559163 -917675176
850937569 -708949899
831168201 -901208875
610021077 -854423769
834970626 -713463855
558397667 -809234498
962089516 -665503532
754524598 -842463757
102474029 -520474871
738442580 -534038813
197424000 -500196530
439621808 -619950767
771026750 -917929582
559049842 -991146197
128699282 -699651117
885478592 -896696889
634519479 -672420575
688187951 -795242418
704549051 -965389683
705619507 -961722713
600314428 -611907630
256355015 -729284598
760971494 -882042177
18795103 -807137471
455530899 -939711776
919636136 -742639581
258441041 -879293476
214965632 -722139796
226437297 -604704842
232137629 -585420092
33394412 -544796920
474091203 -701236685
605459407 -926364591
272604547 -579810192
741701452 -609333688
896943497 -740610753
497932188 -685832321
677382650 -661760085
124089774 -745842013
251342835 -861575004
495522199 -895181807
272002408 -784375126
58350385 -854938500
382978460 -571327889
606775089 -642094925
224738232 -589334043
831538391 -937496003
616121784 -681973638
674817349 -870949501
774949656 -852604352
970625610 -870680025
484899056 -656858040
259760650 -803634923
855963078 -977878794
536445847 -733722471
517603438 -679944063
129523772 -640046753
970533945 -739221518
785528712 -966450222
191754404 -943727800
866112401 -651611082
460078422 -578078636
290320207 -817901621
719196731 -733117273
200931995 -703514710
459909134 -539988749
94903709 -878747470
90657668 -990445557
918903986 -629916184
23781752 -547006637
137179098 -880946414
568257203 -684603322
944537652 -535827058
459105591 -893254355
673078413 -819133318
357320206 -780394116
504590654 -635493825
592228261 -599424455
734188062 -821167979
253656197 -772145897
816102859 -910217768
92965602 -966966858
902154184 -818617099
33705479 -643740074
508013928 -957505229
257823025 -657320295
703088416 -926054852
864624719 -507143451
740595650 -544090338
805755582 -663651810
652141273 -987889378
939863048 -921679343
431432748 -873845547
16031485 -795850360
500490212 -991759113
758696510 -866614051
738733449 -549775731
28918809 -769091768
402726440 -601705673
138838374 -961886226
174379846 -662994672
446049033 -720234424
696828122 -578572377
10931056 -677230487
980987534 -508139531
823410481 -554471412
797167877 -515853871
270279611 -682236652
334963244 -735185611
275070959 -589544382
419592940 -623790011
408604051 -565681200
317398664 -766758420
838811524 -512890011
193690541 -897535448
249728603 -937652596
951609348 -754258628
694001407 -653385236
386780600 -730196839
985889648 -534486447
415183354 -706924179
523047361 -682085796
959391828 -884504929
672467197 -728998327
927485932 -815267855
352813383 -885230144
116575058 -892783596
869121427 -918583461
207525420 -597324304
328129721 -874365112
990790661 -918813365
295815993 -728139807
710295057 -924159214
252120023 -937380884
645576138 -882798000
819201965 -952560297
874476972 -676011003
364788931 -800439978
874335271 -649756960
192559186 -999897093
926539393 -815935041
21875881 -806335223
631145501 -647533019
621937140 -854156007
473073107 -614127797
103302683 -725428670
741477047 -868503327
271179196 -562328840
261646676 -769865932
627554953 -858431508
905908554 -533431711
718320138 -502253800
365999448 -825031609
180494266 -591134676
556432276 -967244489
774122727 -918900941
868685684 -768809358
879530937 -673571753
286390289 -562659529
958251029 -746102297
841430257 -887910635
958428656 -983697069
756639292 -592097048
371215346 -770682118
671059095 -531992217
548736213 -960220848
859649958 -934861512
377687744 -740180832
301889367 -719924691
659608281 -749518556
296266068 -645808326
744505235 -996512809
489665435 -939039704
833517318 -745599636
749724473 -885253823
891844559 -834922761
773570091 -879700229
914101562 -608621343
998339623 -731441966
409379969 -644752857
708899197 -976322396
958489901 -926726186
460478720 -548374333
148938896 -576768984
359095996 -820238433
963544648 -744101628
148946652 -687389625
843580858 -862009280
309146005 -621240820
643697720 -848161047
577662398 -879216544
971425827 -593794933
454953311 -868467857
672231438 -972078870
726682820 -639530733
975288374 -637943843
365974355 -551447215
710882007 -528154841
805489820 -833787249
550269449 -613279865
355745095 -769764143
629537105 -898228457
201294582 -774534857
974238847 -880959445
908581377 -665704553
188644429 -687738158
929733389 -720182748
165733300 -833752929
755803005 -678135304
135720278 -610783196
148820485 -983936923
172301991 -858907761
533841049 -924302157
444101144 -877893231
645663650 -996256936
901838619 -542436285
674571612 -520115730
113475805 -642241770
773886973 -589119248
851007179 -848827155
-1000000000 -1000000000
727325594 -789478062
554549905 -867310123
623591050 -946296725
195905924 -943716307
359677786 -578362937
532783078 -681073216
687765135 -886416052
65139687 -671932990
500778071 -513563763
925500799 -827406170
477589650 -929128290
818301134 -522959212
198096921 -822518822
461481010 -774522561
600838865 -556798512
270976088 -948497157
173551809 -610281949
361279776 -971496222
307891360 -910756694
336436863 -591141327
702546091 -520596047
176942746 -921339886
662958432 -716521577
306053116 -845778171
308016420 -517698248
711288803 -768636941
228492727 -565393727
554974321 -740959943
131068239 -873706357
105416972 -932158112
287937934 -763813818
550564216 -545353917
931140914 -609285544
472019675 -702509026
167200262 -725478536
500379164 -849328767
568598227 -837538922
779155949 -559485682
291515926 -815342157
333046475 -662782444
902242411 -981189620
875959635 -928635949
526371697 -904673020
880154471 -984471945
340860 -893300376
937610722 -605626242
295674296 -713031473
84036875 -643902459
732127037 -538642251
477416086 -806153596
433864380 -914197267
336086727 -617081109
910257647 -971695921
719215213 -599608994
794981671 -578575881
90815782 -511898458
844980145 -940375885
286854539 -849276985
285127459 -913009706
718293277 -683671475
130083947 -827030970
130669033 -767405157
241177908 -995752015
713075214 -524492854
20310245 -951179719
205109494 -821660661
157242849 -705897787
593822967 -933734011
801096632 -660765660
995122127 -981497842
259861944 -831184107
974617136 -826037248
581339974 -551311948
335846704 -670425585
112450862 -926176453
731237556 -509367736
864569874 -560722060
975881369 -993392506
475919722 -699869666
380079208 -552566432
168758762 -641635788
871647776 -532652165
311099849 -559871782
940723050 -953106994
888672048 -721155949
239655785 -636139143
633300669 -868391875
760315126 -877106484
163249279 -983122314
448421957 -662549103
883485526 -501308652
586094732 -798254365
69115725 -962173344
570185244 -872236360
452742402 -823187355
615565052 -910223050
468188342 -795654454
159006913 -505377238
913114124 -725464736
283011902 -787931559
913739243 -755140408
520235926 -936063048
895938626 -584618387
980293728 -612504450
895769143 -731644817
49272959 -512097186
415763008 -919899700
396813750 -884336073
675224975 -695273954
729190874 -546809577
932649394 -805767090
19095446 -548729720
280718718 -855611270
814025915 -812827830
844278248 -711949468
223976743 -746792255
339323995 -689633988
144941294 -597584968
231185696 -855352228
466303362 -872509007
936131780 -842857321
736823105 -764417850
188234371 -874784174
115150218 -893710800
230264443 -612792079
159677011 -925283703
695514523 -656469911
457606451 -956825655
896730614 -572893981
225921457 -883662894
415488063 -968120718
894149766 -520309479
49965867 -718874889
570553136 -826874334
743421799 -795298782
35777626 -577235098
263502311 -938071820
62612899 -674962264
692721211 -882350599
802027149 -563671324
301959249 -891620617
772609021 -581090591
32577 -601775676
417987436 -731519231
760085959 -636565619
41695707 -576907202
173143830 -736664975
119962007 -680093141
99171184 -905218087
437903329 -738715530
302423301 -991915097
575748092 -917014485
467406145 -557346195
230328084 -729399130
597975614 -779624959
1000000000 -1000000000
705367904 -503486481
300734217 -994969036
183378541 -983396516
453891826 -679805501
453222401 -596218480
136012386 -636391958
867424377 -588430457
160373238 -997343193
542058903 -873273519
588852000 -891842776
470275061 -717911224
372457625 -677001657
600071275 -919453368
107285367 -536363878
31235049 -727250540
642513399 -784730237
755309410 -628818889
976484035 -603793828
691990828 -549610417
584311585 -957750613
684331887 -614752291
373890857 -614580535
415623154 -915567304
376957992 -891694742
38873713 -677880018
577766843 -540804676
879958445 -655055947
179679423 -716160878
773774540 -550543115
197677021 -956066441
874587104 -770991109
765552171 -830115177
231020522 -677053700
812017240 -685609372
583256883 -503636146
480789909 -639216877
523754560 -678520432
180507643 -952572853
672216772 -839703999
658321299 -937612458
127802177 -839898343
362405527 -508090114
998013228 -700752734
397002687 -955501316
1461062 -588305040
822405345 -597779421
891120790 -819188153
235939113 -977981828
238583617 -970371152
914676626 -709795694
339771348 -644046161
406608385 -585071039
367990102 -581642512
37341556 -848557807
584995260 -578173257
981641877 -651130859
880486545 -518037767
86068304 -967991252
921508676 -918825316
417249254 -982962217
585370420 -807468529
286540892 -694936134
740859719 -517855370
538848604 -552044316
31997991 -609160529
685353532 -542402805
157489737 -631407612
400527757 -826420565
334872978 -625955861
23823822 -785032664
190003729 -555332173
961982418 -520886308
50203186 -803455695
577060998 -538199642
784602431 -804016184
118529437 -783670536
89589187 -619917237
892708787 -941686743
773992026 -583972584
772857462 -946389779
454378599 -513482553
498711226 -974138426
817719089 -752161527
97604922 -766917197
637675065 -950072421
911388326 -899195746
599143518 -670463884
150658550 -588525816
264710000 -575191222
47284186 -692419272
203601278 -877384314
632887698 -628437644
319645912 -633581064
921889825 -943859264
756476451 -582363557
136723235 -897573712
532894448 -564637585
386586584 -785944991
429753110 -735107115
648275574 -547170302
715177875 -992929901
467346594 -939745075
774186112 -751066931
766310584 -896507839
609763694 -938647483
174869471 -759067598
365047996 -693173534
12263524 -917551920
574073216 -891011203
343271045 -903028775
102322300 -768545378
675549004 -590510258
929451179 -510663770
914907498 -575335201
736673161 -815213377
184651464 -602853025
8088642 -592093826
550872793 -848993221
993702047 -891186740
683465045 -676166532
844788696 -645707687
871127042 -914210023
304590598 -851936495
802018430 -838903649
461235311 -754091221
167736756 -880313497
677589924 -655696019
791869567 -763614470
693770409 -845995346
985904556 -622791691
675731922 -960266163
502849013 -937198788
842905187 -650259908
621095108 -693733204
469512578 -583649054
685592777 -667899701
386002059 -683537329
313651195 -981111775
489618928 -642855202
684080049 -642985834
450270068 -780256018
647913045 -662254990
890694686 -523818617
420624248 -764086291
353526016 -973455728
161698449 -972638208
554611383 -557614192
607447557 -550411021
494211564 -921807740
740629895 -621465965
594407365 -919672779
822417160 -775759841
808128174 -811173369
47672027 -553231702
329876205 -706332281
557300845 -561355397
128755579 -514069366
660278269 -792591719
125582708 -874583246
949027331 -950963160
795390533 -873571945
291293180 -680667499
85912647 -774144173
127921529 -596980306
574456435 -677715488
132036638 -817025184
175583799 -937396690
862053580 -677602382
705483548 -642198268
363497548 -610670563
822215201 -536605055
458446547 -741607403
5992248 -716184788
896464466 -774873026
100654985 -937435000
742552033 -762246446
82913431 -891934565
112606480 -961501662
670162210 -660379111
818704375 -648875861
945870795 -925230862
995713051 -546712836
16754908 -583031480
741089056 -945198493
451108408 -896190640
785632453 -561258773
682146606 -714471143
822047630 -890885022
813986176 -939228286
439715236 -571548410
137438435 -896976909
906387202 -576021195
833607350 -685439674
362068800 -929487268
73724583 -631199959
565691155 -598388400
960432621 -618215802
368448100 -811866440
122227831 -711100936
24990364 -747205216
724478644 -760743307
452383789 -629917589
88089905 -593020704
54586951 -756037175
182538791 -835113164
743145636 -705605235
540047331 -894827039
904273914 -605403251
171865901 -525670217
786180236 -917009755
90944190 -969541452
728370401 -906922102
265989426 -614434797
420941614 -599064039
370235175 -840091651
319975465 -876679537
430239736 -792851310
480905519 -971463781
429217515 -579743891
84513084 -547833324
145645308 -719605532
871044171 -548776982
5225104 -843244676
241547304 -930792556
867771414 -749837996
438702466 -904866597
406862630 -571427752
228133742 -655208398
616961336 -644981837
708624599 -841282119
522540983 -739711079
824481207 -682636309
790208434 -976033746
287126988 -760212606
546828774 -895777570
279839886 -655500181
657119230 -698795496
324016446 -603466061
884661937 -673928165
666400351 -964853469
546859132 -982599296
583165853 -704221148
19151719 -979440325
505289269 -900645892
711255899 -744484631
277173878 -729715969
243280023 -593416686
127664067 -703987560
844287727 -871001800
917263863 -943927105
10169246 -879779445
1000000000 1000000000
41450469 -653856683
270207112 -711419495
48431692 -526318023
633470629 -876050718
133897948 -587254673
986997995 -903615075
701492061 -968793831
474815724 -585556127
916878012 -625771708
411067856 -763654385
173996736 -589240917
544926989 -548612041
573036474 -536102693
889945615 -987065876
228815430 -763787371
584575199 -775023025
142374245 -630149582
567301888 -708301897
441395865 -957411404
663560103 -813246865
454694585 -834836217
436394012 -528728892
118313548 -900789112
870553542 -580630931
923959221 -601827539
130418821 -996016084
746163481 -754360636
844098859 -742002801
361380930 -667746128
406704872 -610357651
268379428 -727904268
553285828 -831042497
19117152 -872303657
325595407 -685693566
773770175 -888415622
73230406 -990140006
376668656 -565893504
829144435 -682359533
488006411 -583820954
179827990 -866976421
913955139 -749511689
858865661 -973746134
554399900 -694104479
976524714 -633924448
873605751 -677605290
987407476 -606764545
152924350 -936577285
467865444 -982392876
495616786 -598716394
477472939 -631119490
610879384 -816726005
197278144 -512767464
630770273 -674099311
676197061 -839695458
395403941 -528076519
444632142 -723935121
69476093 -609400288
24896198 -769978064
693429082 -651882694
488827324 -547407183
758193845 -769553575
17020247 -521402128
6085294 -751945795
822009306 -729932548
332418864 -576285888
457671583 -530335313
164097968 -988727102
594997876 -809490144
806796482 -567639362
990861944 -953916893
289554218 -657290760
719072962 -924789312
916436665 -662034588
7439829 -948419347
395697320 -700672707
732349108 -922129605
85126896 -988787825
553901236 -891535234
433708322 -822914039
345445565 -697264158
356282725 -584408361
449864599 -914210708
185989484 -894916243
308979582 -882539825
436241990 -791362354
578462003 -793220916
322776273 -978578785
29070504 -976464613
918859224 -718723068
30958354 -844215856
700115209 -709995036
384705581 -977439426
712799946 -788477019
492888084 -507447115
992798565 -606164615
140663361 -816129688
603979673 -883777577
50356938 -600041939
439491625 -984665735
680479368 -657897726
593544453 -920645980
736661101 -627368353
96454882 -992113404
833711657 -608801134
444782194 -757237970
99349 -915390988
793611749 -979634568
836584520 -821844249
191730815 -807941790
96748737 -795958084
516743298 -577567088
463503582 -860904396
157506291 -614977382
457142537 -863405886
803322135 -848682241
398174095 -665276684
34798559 -888437780
490569012 -942935937
96177299 -756666153
39140727 -596257205
116150992 -628349382
22070484 -718577391
453197583 -788367262
87512971 -821851265
482365974 -682139711
286972985 -693337229
507902900 -935280951
203003230 -507597513
148673785 -559081114
852599046 -562985943
943053610 -513605592
725299800 -594641829
23677020 -853968302
45066301 -661970001
607142988 -560880857
650441176 -887985128
671266933 -911564159
784207061 -544208812
417432978 -976720443
626022600 -735351701
242420697 -605923484
891849572 -547643935
169375345 -883123937
89204486 -669027991
965988474 -666924284
478664821 -667273835
286382463 -728186028
458572413 -518485317
669902886 -818201729
956643247 -623825993
864785148 -929071891
405129802 -865134769
387151985 -656312419
799272623 -843411530
378111433 -515099747
804423871 -618357433
473213568 -638462557
685370476 -588946078
674067669 -912789998
948469759 -981032256
995664203 -819520218
743385414 -694712322
425964779 -940079263
92767052 -745337827
475017965 -727918797
391427670 -932033212
461348068 -824022784
272821095 -717719715
542694011 -615993434
548156133 -698112197
610935280 -884685793
138398184 -783437196
278401473 -565155573
687159339 -526828073
958208824 -918114911
194470040 -797322692
118035901 -782345198
556352833 -504957469
637763924 -946461750
280480360 -644332350
719562037 -587190770
372946734 -518253994
245938994 -985885113
622900149 -761958719
125586849 -591038448
716528954 -748399895
584576361 -625929465
634915186 -992315344
76383653 -657771101
323702652 -937975815
583223756 -746756432
465223719 -517337860
695651898 -556332192
815365925 -862481668
991613085 -844879977
282966287 -721490349
741457959 -727297107
407161622 -877448257
745340665 -667386758
15364313 -755106926
360860190 -679935237
608709910 -564521095
73080526 -915889429
645012597 -744566314
369331060 -569511986
189375310 -583481749
171465224 -695493783
622253788 -824682667
782957434 -977372830
776039201 -845757509
882021147 -580045493
829111748 -510905793
163319301 -546533456
686722067 -954820474
469370622 -942389209
982489 -603061434
195522219 -748980875
981643084 -906895880
840461431 -979019049
970966121 -760045925
422456035 -606103048
460887107 -596482120
804937175 -502626621
806592936 -636261699
433946770 -652231940
467932888 -915894204
193325679 -814884695
280607642 -932492207
811830036 -829038098
526688886 -732825856
82838574 -766227978
440950107 -754316357
145915871 -856724539
691928802 -712574468
333049817 -829556814
912140712 -791927932
431107707 -869412187
345025526 -857854682
528893894 -540737422
902331830 -619688552
134783217 -862338965
708872554 -875012688
227791275 -767366311
642907416 -556077515
849120125 -836740947
48192725 -920130320
501994233 -655271032
153494342 -763805191
87505225 -574898014
567139857 -859927364
947945982 -880573500
73473926 -584523936
163215008 -958199562
604002815 -585293942
53849428 -976888457
728289348 -653609093
382818997 -768396538
219370738 -695180007
339623845 -930607495
351869049 -681158194
519362369 -878096634
90496009 -543682582
661392738 -900902809
227883268 -541618588
839246049 -517567288
31159917 -794111018
486300 -919864900
719363659 -641818608
533995587 -940977013
917178538 -916620067
104673442 -767782484
811846476 -758509194
467794284 -738588129
115000324 -931023178
586014795 -687993786
395874020 -879466869
202604231 -939447519
360596147 -867148429
914384595 -654313308
141683779 -843061796
669241951 -610758484
224875882 -920162290
617052105 -846888328
23181305 -870070331
512410835 -843693597
557208013 -528619382
105224797 -818615468
519706622 -844019200
250168633 -837824178
741460317 -699633242
910745914 -603406201
746578334 -748830461
806046956 -938266374
321539410 -696797862
104312366 -516870062
331690226 -934627341
652635491 -866065035
849935747 -974281271
120809154 -695174386
597636576 -503113602
668236802 -533497015
885510972 -506578868
464605968 -752745009
547352450 -823672240
363663480 -766790411
204810407 -773321702
820354872 -555824600
988309161 -691035307
883266732 -870963465
48148794 -523235477
639096842 -808170281
514626847 -868874566
598299187 -676998105
370974914 -521966345
126759775 -808399228
405510306 -760211203
107406892 -870159838
291624711 -778889978
43168550 -885904336
157908104 -896885746
128298406 -949364420
538981582 -895986061
324995211 -882344660
723587843 -627005487
264191531 -812262326
39613490 -824968832
374328249 -806575539
169524138 -738555274
587339074 -623530173
567012274 -530962335
261972685 -935794773
77674997 -588777715
250122983 -626071922
104411406 -760303913
903879714 -680868774
411690887 -973142538
841440962 -754508808
913944833 -742513226
