987
-5539 1158
9914 -8901
9224 -8535
-12293 2195
1958 3107
3769 5388
1432 -861
3474 -2953
5091 -455
-2411 816
-2316 1349
8300 8074
-9710 802
8428 -8003
4841 8495
201 -144
7660 -7319
-3018 935
9124 8699
7869 -7522
2948 4129
8748 8432
-8146 1072
-10321 651
5162 1652
8988 8606
7005 6706
5318 2698
8536 8273
4222 -4337
6648 6140
5097 -627
4988 9681
-10502 600
6038 -4860
-10167 691
3182 4447
5026 10091
1949 -1245
-8820 982
1693 2900
-11827 117
10113 9268
-1430 1516
5069 -8227
-1834 661
3415 -2865
5092 597
6174 -5129
2895 4059
-1698 620
6770 -6171
-9897 1552
-885 1656
1682 2892
4364 6654
-2933 920
846 2370
6811 -6234
9478 8922
5052 -7863
6931 -6413
-244 1872
-8706 1378
6616 -5922
5153 1570
2891 -2187
-3630 1026
5223 -1965
-645 1731
5070 10861
5774 -4215
7428 7236
479 -285
5088 -277
7184 -6767
5367 2940
5079 11237
-2563 849
-633 232
5196 1934
4198 6241
5269 -2269
-10869 484
9718 9060
8857 -8309
4872 8691
9305 -8582
-9612 825
9536 -8709
-1773 643
9625 -8756
-5338 1176
-5830 1162
5035 -7598
-7018 1144
-289 1855
-4865 1130
-9139 1432
6997 -6509
-575 1754
6683 6199
5099 853
4679 -5608
2191 3304
7904 -7555
3719 5299
-1117 1592
-11719 162
-8655 1009
-6568 1155
4433 6844
-2427 1332
4013 -3884
3519 4956
6483 5857
4567 -5211
-2956 1265
-1916 1417
-11226 1847
8253 -7862
-4694 1121
7575 -7230
-12150 2141
3425 4806
-316 98
5753 4286
6400 5709
7212 6984
4584 -5268
1069 2492
-2291 1353
8182 7971
4305 6497
1479 2750
5094 -544
7239 -6839
4508 7067
-7636 1284
-6070 1162
-8468 1353
-9989 735
5086 -107
-10810 1743
3972 -3806
6596 -5889
5658 -3862
-9676 1513
5612 -3717
2851 4002
-10436 619
-6269 1160
6522 5925
-11010 436
4703 -5698
6272 -5314
-109 4
-9082 936
-11125 1821
6159 5223
-8544 1025
5083 11865
-11794 131
4770 8112
4924 -6766
-8299 1055
8476 8224
-5957 1163
4871 -6450
4557 7226
-5627 1160
-11769 2004
5085 11678
4635 -5447
4923 9104
7292 -6905
8590 8314
-8979 1411
4187 6216
-8215 1329
5599 3833
4591 7345
-11704 1983
4559 -5188
5112 -942
6063 -4912
-4297 1092
-10311 1633
4576 7292
4992 9718
-442 152
-42 -27
1536 -933
3612 5112
4908 8979
3875 -3625
-2268 780
3492 4912
-1653 606
-10257 1622
-4787 1163
7765 7583
-2579 1310
5685 4105
2603 3712
1598 -978
8847 8505
5134 1377
4934 -6829
4391 6728
5762 -4180
4912 9012
6504 5894
5359 2901
6433 -5609
8709 -8212
2222 3333
5121 -1045
1403 2701
9661 9028
519 2203
-2365 805
476 2182
-982 374
3969 5759
4686 7712
5555 3687
5074 10994
5102 931
5058 10575
-3758 1192
-4905 1164
2982 -2298
5059 -7979
3632 -3205
-8759 1384
-11405 1895
8798 8469
3565 5033
5139 -1238
2330 -1577
5797 -4278
6549 -5810
4340 6589
-1506 1499
3850 5535
5209 -1870
-12104 -3
3740 5336
3544 -3062
6959 -6454
3025 4231
-11291 332
4798 -6091
7087 6820
-959 1635
3895 -3662
4245 6350
5818 4448
-9441 863
1097 -644
1336 2658
-10764 1732
-11155 383
5007 -7351
5081 11352
8935 8569
5018 -7447
8190 -7809
5839 -4390
-3469 1006
3682 5234
4503 -5028
4525 7121
3888 5606
-9682 1514
651 2269
7921 7735
-4520 1166
5944 -4649
2046 -1323
166 -127
5367 -2765
10161 -9014
9600 8993
-4750 1124
4741 7969
4764 -5936
5329 2754
3333 -2751
4049 -3955
5073 10955
9045 -8429
7066 -6606
1664 2879
-11912 2054
2933 -2238
-1468 547
-11639 195
2405 3506
5865 4563
4073 -4005
-4681 1164
-7545 1278
-11900 86
-3305 982
-10645 1704
-11989 48
3224 4506
5086 126
-10484 1669
-11368 302
5138 1420
252 2075
1000000000 1000000000
3593 -3141
439 2164
2508 -1754
9378 8861
1855 -1171
6237 -5248
-8617 1368
6831 6440
6612 6079
3470 4877
-2777 891
5100 887
1549 2797
-8919 965
6062 5013
-6683 1153
2846 -2134
5442 3278
6883 -6342
694 2291
898 -522
9740 -8815
2020 -1301
7993 7802
5077 11134
5080 12096
4323 -4569
7369 7173
5150 -1353
5782 4359
4368 -4679
8888 8535
7964 -7610
-1708 1456
2565 3671
3180 -2547
6193 -5165
7150 -6722
4689 -5645
-11490 1919
-3859 1186
-3405 1219
7266 7052
-9790 1533
4172 -4224
43 1982
777 2334
-4592 1165
-12107 2125
-8057 1315
9967 -8926
1825 3000
9466 8915
-9135 926
3693 -3308
-7338 1268
6015 -4810
2014 3153
137 -113
5179 1798
5579 -3608
3740 -3388
-1515 1497
7701 7520
5810 -4313
4387 -4726
6226 5364
-12241 -65
5075 11037
5228 2161
7339 -6962
5624 3914
52 -72
3296 4608
5087 -196
5268 2414
3092 4322
6259 5432
1764 2953
-2326 795
4898 8898
5299 2593
-11566 224
546 -321
-9940 747
-516 1774
-2122 1381
4865 8645
9415 8884
-732 1703
6461 5818
6159 -5100
8278 8055
-2187 1370
9794 9101
10059 -8969
5074 12417
-7693 1113
4739 -5837
25 -59
2394 -1638
8391 8152
1228 2590
4353 -4642
5159 -1445
366 2129
4607 -5347
5131 -1153
-5154 1170
5171 1731
-2853 1276
6142 -5067
-1061 404
2756 3886
5101 912
1671 -1032
-5461 1181
-679 251
-4605 1115
-12302 -93
4647 7552
5530 3603
4093 -4048
1287 -765
-3053 941
5110 -907
5639 -3803
5723 4207
7819 7636
955 -556
-1974 701
2565 -1816
-10151 1601
-1465 546
-5427 1155
5575 3754
4863 -6407
5034 10200
1603 2835
-3944 1182
2461 3563
5408 -2946
-2564 1312
3422 -2875
-107 1924
-3981 1065
7512 -7162
9078 8668
7941 -7589
3122 -2473
4888 -6546
4287 -4486
3385 4743
8671 -8185
-2664 1299
6438 5777
-9627 1505
4222 6296
2026 -1306
-7827 1297
6686 6204
-451 1797
10138 -9004
1161 2548
2082 3210
4662 7611
5334 -2609
5559 -3540
5998 4870
-7919 1095
7720 -7378
5088 338
9545 8961
7938 7751
-6509 1156
5059 10594
5692 4125
-9042 1419
-920 349
5924 4702
5089 429
796 -462
-8569 1363
5078 12223
8072 -7706
3825 -3534
5042 10315
3450 -2916
5102 -755
-4288 1171
5079 12164
2976 4166
3983 5786
5278 2473
4999 9789
5209 2028
-360 117
5426 3211
4858 8600
-10394 1650
6192 5293
8012 -7653
-7785 1107
1138 -670
-2446 824
4781 -6010
-10596 1693
4978 -7127
5060 10618
5227 -1992
934 2417
-2103 736
-7163 1139
4546 7188
4903 -6637
8152 -7776
-12351 -116
8097 -7728
2645 3758
-10775 515
-3654 1199
629 -367
4963 -7018
-4090 1075
1783 -1116
4802 8278
5062 -8048
5491 -3284
5250 2307
5089 -354
-3324 1227
5744 -4127
3277 4581
8651 8360
5031 -7561
5897 -4539
5391 3056
-5039 1167
4400 -4759
5186 1855
9465 -8671
-1914 684
9753 9079
5118 1183
1130 2529
9598 -8742
5963 4791
4426 -4826
7024 -6547
4772 -5969
2764 -2038
9154 -8494
-4096 1176
3240 -2626
7645 7463
5065 10739
8054 7858
-12371 2225
3778 -3453
-5225 1172
326 2110
-9545 840
5355 -2710
-7724 1111
7512 7325
5486 3447
6694 -6050
5669 4056
-8091 1078
-7585 1119
8929 -8356
-6917 1147
7830 -7485
-11735 1993
5190 -1735
6308 5532
2729 3854
-3215 1238
5087 233
-2488 1323
5094 680
-5532 1184
-10847 1752
5219 2099
6647 -5973
2673 3789
-10531 1679
8517 -8072
6529 5937
-3739 1039
-10070 715
-9305 893
4459 -4912
-2174 755
7520 -7171
-8443 1038
4845 -6318
-10961 453
2142 -1406
8690 8389
4536 -5122
3929 -3725
-4982 1136
6969 6653
825 2359
5853 4534
8782 -8260
358 -222
4937 -6848
-3218 968
3325 4650
2457 -1702
5071 -8282
387 -237
5404 3116
1306 2639
673 -392
-752 281
8306 -7906
5101 -732
5360 -2733
315 -200
-1229 1564
-1172 1578
3834 -3550
-7906 1303
-2460 827
6101 5099
3141 4390
9270 8793
2287 3394
-1794 1439
1730 -1076
-5328 1151
4944 9285
4424 6819
-10622 565
6280 5475
5256 -2184
5111 1080
8432 8187
7767 -7424
1869 -1182
-8868 1397
-1237 468
1022 -597
-3138 955
5374 2974
-12407 -143
5390 -2869
2343 3447
2858 4011
9333 8833
4066 -3990
5534 -3451
-7050 1143
999 2453
-6181 1161
5455 -3142
4062 5944
-11447 271
4979 9598
6027 4935
90 2002
-7847 1102
-831 313
3148 -2506
4825 8402
-10055 1582
4964 9461
4954 -6956
5916 -4584
4478 -4962
-9984 1568
8460 -8028
5514 -3374
2822 3966
7624 -7282
-3840 1051
5743 -4124
6465 -5666
-7280 1134
-6808 1150
9803 -8847
5106 1004
9874 -8882
5459 3349
-9878 762
3637 5155
6512 -5747
-12366 2223
-9540 1491
4161 6157
5095 -572
5934 4725
5868 -4466
-12173 -34
602 2244
6735 -6117
-10547 587
4278 6430
6877 6513
2626 3737
-9401 1469
6724 6267
5237 -2059
4130 -4130
-11485 256
6010 -4799
6391 5692
4920 -6741
5181 -1653
4779 8158
-7676 1114
5289 2536
5082 11410
1307 -778
-1020 1618
5513 3544
-5710 1161
-9327 1458
1731 2928
-4494 1107
6372 5656
5561 -3547
7568 7384
724 -421
-3571 1205
4755 8038
-5136 1143
5084 11584
-9010 949
1997 3139
1491 -901
-9346 884
5178 -1625
5884 4608
5643 3975
5315 -2516
10048 -8964
4466 6938
-3905 1058
5383 -2838
-8711 1000
9201 8749
-5091 1141
3660 -3252
-4419 1168
905 2401
6310 -5385
6854 -6299
4021 5861
4407 -4777
9372 -8620
5240 -2079
8336 8105
5475 -3221
5097 784
-1520 564
-9202 913
-7710 1289
4974 9552
-8032 1084
6480 -5692
-2745 1289
5010 9906
-5645 1189
6574 6014
6921 6582
7016 6722
-1877 1424
3386 -2824
-3540 1015
-11198 367
5083 11492
6814 6413
1578 2817
8115 7912
4385 -4721
-11057 419
7060 6783
-9782 785
-10743 1727
6906 6559
3051 4266
4992 -7231
-8416 1348
-4923 1133
-12513 -195
5085 0
7123 6869
2613 -1869
7458 -7101
7347 7148
-1146 435
8215 8000
5084 11776
3072 -2410
-4125 1078
8619 -8148
9078 -8449
-4415 1101
-2756 887
5045 -7748
3290 -2693
6349 5612
1708 2911
-3391 995
4826 -6226
-10687 544
5122 -1056
4625 7467
4660 -5538
8994 -8398
1830 3004
4785 8189
-2006 710
5689 -3958
2137 3257
2089 -1360
2805 3945
-1561 577
4168 -4215
3505 -3001
5077 12278
5149 1533
4820 8373
5052 10466
1000000000 -1000000000
7318 7115
5294 -2412
2534 3638
412 -250
-7444 1273
5082 11947
5195 -1773
169 2037
6107 -4999
5714 -4035
7459 7269
-31 1953
5104 -794
4260 -4424
2293 -1542
-11109 400
7604 7421
5901 4648
4723 7881
-9446 1476
5350 2857
-4008 1179
5060 -8001
6770 6342
6394 -5539
4497 7033
1270 -754
-977 372
4207 -4303
9454 -8665
-2022 1398
-11043 1800
-1331 1539
8365 -7953
5124 1266
4695 7752
3930 5685
-4330 1170
-11948 2067
2209 -1465
-3146 1245
-8378 1046
4729 7910
9877 9145
5075 12377
-10397 630
3338 4670
3199 -2572
-3509 1210
-4962 1165
-11647 1965
-1318 496
7417 -7054
-1082 1601
1201 -710
-11312 1870
5081 12024
7099 -6652
4310 -4539
-12501 2279
-12033 2098
-2862 907
-8114 1320
-5582 1159
3810 5462
-3589 1021
215 2058
5017 9981
-378 1823
4602 7384
-7407 1128
-7345 1131
5277 -2316
-7526 1122
-1603 1478
1794 2976
6505 -5735
4998 -7278
9951 9184
5065 -8122
7360 -6987
-11663 1970
8590 -8127
-3031 1257
1901 3061
-902 1651
-10258 668
4885 8793
6121 5142
-806 1680
5113 -954
-11836 2027
2896 -2193
5045 10359
2514 3617
-5756 1194
620 -362
1916 -1219
-12438 -158
9044 8645
6064 -4914
5170 -1550
-12048 22
7856 7672
-1379 517
4140 6110
1356 -810
4663 -5549
4990 -7216
-4205 1173
-192 42
26 1975
5090 498
-7996 1310
-249 68
-9242 1446
-2669 870
7253 7036
4630 -5429
1502 2765
3025 -2351
-12424 2247
6353 -5464
5051 10450
-178 1897
4726 -5786
5432 -3047
2817 -2100
4809 -6144
866 -503
-11563 1940
2666 -1928
-487 171
-12217 2166
5038 -7639
5973 -4716
2710 -1977
5244 2270
-1000000000 0
4931 9171
4710 7819
10030 9225
4953 9364
