774
-26422194 60886359
452287984 458733035
-6427410 -261937333
-265362764 587539606
671091287 -196803029
-406574773 -714708522
-370481503 -448336592
-633039773 764194633
562006117 355891150
-247317078 58953343
-342293532 -775239898
-688832160 -409147438
515472348 7385278
727654419 164961897
-84720539 -688495832
-673851972 -224771516
-253810058 -44096495
150647121 191121396
390004407 432761702
-860349320 121596065
580350670 -363355955
-624459404 -327733456
634849021 301553789
930288608 -223603674
854300873 489541115
-332310048 538702955
470024110 23189000
113034424 -475198583
81206838 715687003
-414237306 169993941
-132242783 688406595
555889990 816137850
451182575 -286908609
-457069134 437237879
284210433 -276635448
139919083 861657857
396557397 -342511160
-374018444 843690608
-196599046 409883794
-760629606 641397807
-112907116 -296884131
-730225106 -496110827
39598476 741717308
179176939 180163913
-377032553 904188325
761537773 -518117661
-362655293 827558727
-151192339 560732408
-370896004 -354945400
-455708259 -58606357
381728721 749191981
271064513 -892991227
781210357 309188589
-572258042 602374406
639765838 -198826236
725941106 506884623
874815149 -296980965
323670616 -4300340
365833214 385473734
-237079434 742694821
-722582985 -624657258
304857720 784421182
323722392 -875712542
135525141 -431085173
-659805982 -30383972
-817815120 46469422
-4552612 -524066991
-164489441 559089748
364431504 352511603
-363411491 892800551
757307702 224463711
-259560942 154555607
-568648871 57283869
-445834654 372132741
212942927 380610702
-330527333 -928903951
86903386 -590158642
385627533 681132747
-621494591 512514028
211517323 51669878
-69351859 -624113568
420361584 48281599
-772105434 -6494780
105924631 -811032623
17676195 500076333
-31162632 -512684968
-537433022 631197924
395273773 587976577
-137930651 53343596
519437934 -776066273
392496519 839143035
190049246 930093261
534634445 -26614679
-55440029 923090978
-149030994 -914276444
-843776542 8386338
284849205 81412283
-771924661 -501916916
261893621 -332661540
-103190116 -772685596
-228760273 -394112015
-824181654 -256649960
224854571 267815589
-735462713 -332956627
114134992 271546139
-465505767 614700472
-232446543 34930537
-788900641 45851406
-662382018 363787290
395727974 801633467
553747482 385380681
-444710861 -195891980
-366400047 510020760
826302352 393269847
772729578 103372631
284868073 -171290278
-874886677 70111793
66191461 -970309374
691541118 -96286045
-327490021 -321381627
-75384264 57717919
-32801817 940303900
-560910035 62320096
-291868085 535607910
698840632 518662204
213058783 -670841001
624784776 415345199
774272411 -215343159
-200607047 383746073
-557574315 -436300310
727913746 544662120
-573201094 755395782
-734676086 478141730
-350799994 216665995
612521161 322058061
466422205 869216954
-877500699 318855275
-216776699 424452724
383981134 -482798979
226960510 660820798
629941760 392416812
877523036 -273549355
308593263 -225957777
464431866 -781383594
-567755955 125108257
575430012 59089296
689089096 253449359
-636327559 -508080872
-625466957 -370219030
-339063243 478182814
284782671 106280671
-778352949 -604481667
697483 -29951837
-125209246 -455725943
494887988 -273677380
-610299314 -555033334
-991136580 -69899645
-184536635 709788402
-868139807 -255417093
749689994 -86287733
726225012 -494701813
81651037 552154399
329714945 -668913937
467412814 769595393
285219397 -485873798
-133136896 916398220
755881016 -110626446
94381102 52622541
-820674141 543012689
442429541 -38937725
-95233367 -710204096
639917770 -381972925
358364665 -186410385
165071143 -784210558
560719182 424506150
-876244459 7592702
-788661954 -369228714
-310561094 -457161418
-918731914 -48925565
625504849 -231309137
-39893172 -79781232
188159876 -445536338
454242672 -597420113
21566066 -774794316
118436354 -896762982
390564776 -220002164
229549376 -509401589
732568742 -274838064
154437892 -448082338
987883640 -50319452
-972516820 197700658
617668249 279294891
-534997282 567454065
137553830 -425814981
-127265069 581579027
369414731 155112418
-719085795 597166273
344734804 -65398152
755348156 -36150842
-356834835 -276644956
-788019185 93379491
39172886 -182961717
-446985315 -580158857
-542469107 672143873
504732617 603030392
-709332683 -651285989
-906496627 -22206181
689406221 -378618497
285304060 634096129
241316978 -703767858
59597768 215066773
472871645 -357260625
683694161 -528331622
23303394 710173001
-282519863 704133539
58194126 197358046
-950618197 -68633508
727149729 553529075
-853109433 344223561
256339326 481761152
-982187681 -91806544
597072220 -582567315
-360973350 -195750487
-466496377 -591001172
-749406033 218610943
84643507 -80148171
854341695 -375765738
-683217061 -40047633
-668984694 239740138
-163468887 -53031115
415319456 -654438927
356311784 -607563429
-819109895 559371872
491066426 288301392
-610971544 -164702547
-585081360 -732340098
620744556 -152661852
75036499 -799571264
-922398775 242708737
-603879047 187858841
-933151277 -133036551
584307491 300721271
392942498 -48101723
873107533 -332545658
490546556 298233359
-421505025 585909191
-575188583 137783416
-648845044 292955368
495568921 -747602625
734206841 611894828
-90132603 -182183927
-495353897 86382865
282248660 39771506
549891292 364220668
-671447888 -350155883
436222739 -875373442
-795706626 -510755444
-229840488 33287416
748057646 -622489671
253070416 54040935
713718090 564079597
-111363323 -112514697
587051349 -617534558
265825548 128735749
539844233 -26281294
258060546 -326649994
623960578 -615886838
-421582970 160627917
568575749 481208402
244384534 -580334763
-504126424 -24971020
-85647833 180313287
-7139930 962020941
16848848 306666324
709299655 -206478883
-675251311 -66700326
-38340988 -266111716
-119434386 -427867922
959782965 -271168693
648324278 496378185
-482385688 -199829034
-279298882 736867242
-51888689 848271832
-429487080 -3071620
218387824 -722078353
-189781428 -606994948
-48454187 -765650971
-877787956 -437794496
-12532075 -626926005
435851341 -257851126
-368019690 -628227873
683123094 -179879618
-740150262 184362525
246296599 -803225694
823521322 47615545
-317395908 -12213385
369927418 -902138852
-479494387 680004924
-580615714 512069231
-240896634 -462314283
264241625 -27467868
-527214731 -733733801
606234185 362243288
4049052 -204266071
252913363 -323574088
155926198 -755225298
629924015 -221405370
197647106 619110672
197828438 785741768
502259450 -99450221
315166468 -923178750
-791547174 -598726810
72403714 -511694903
-350255339 152678749
378058051 723476473
-31720543 295423848
487261118 86817191
-105968855 719832619
555329505 423465482
813061847 495186146
-534018375 -717602489
718163002 -463297089
-900344907 218417598
-518761910 74814446
1399069 -660005896
-420546523 260556185
-472265956 -77957250
-375915882 -105644709
246131990 -716452931
753524695 13877618
638369184 -682866615
485124446 -557451352
185795521 -45969327
465810565 -335469864
545607476 -166141199
130484488 -883418153
-514786961 683098243
-314690278 662164889
-7952624 897973939
-520646217 266123341
-967393606 217002757
-606647279 604949983
417622165 743433786
-653140574 -540329511
-54689846 -937536012
788887434 174792623
300637953 -568573233
-797493026 -496512336
222845473 54531455
920733030 -243825178
375017948 374298460
-808709464 286304876
57001474 281397438
-555813961 -720040688
-578487319 -429760052
-626623195 237108770
460219944 -324381751
-511310743 -709913120
-14733117 898280509
-645500274 -357276232
-224303204 921019984
-402685124 441293845
271805842 500916504
66212483 -960865692
-599781313 -248328273
-474352359 718055183
767282166 -483066676
-158947687 -899100460
651478024 508729370
248508787 674616947
267186873 101269229
-391276706 441991426
959907863 1290951
824112937 -119335846
-474625762 -83896886
499785707 283485203
570272390 520706484
-410752411 -52192696
-493477079 -735419943
-598243895 105315501
161753634 121729463
-96814081 31021688
-91295839 198475989
-252663473 -808262106
-504436490 146071732
948263987 -299581709
182163331 713444184
14850901 693459611
395470552 238293309
407197710 301008378
579518882 552615835
-670781550 -420703491
-596367729 111865139
217358940 -848548673
331912243 -600502380
-149870177 -861730848
-77628580 -218727267
-718470165 486143664
-548820663 -232805395
-576831597 -623392149
855544768 324883790
165137763 99773540
201865580 291000853
119336578 728629792
673615262 -213885564
517937710 -710571251
966542635 154354329
-132706282 -143079848
706701917 583135090
-624180300 -697905254
-883887358 85201045
-576662154 583551576
-350428298 -824151460
541841867 157544177
-818658462 -20157496
762479782 -147304119
-777367253 -461726138
372841981 731531595
572171397 -303484261
-247965330 223019808
-317280880 -924965013
-106833463 -837994145
541392377 40854835
-95850331 -600813406
37455666 -776253334
217672574 76273384
-843298228 -341466803
60449150 -822097016
699602385 -470942944
80520821 -230865356
-540065506 257180934
-447645986 383141299
-313673511 790524424
-829788181 -252760828
-1636332 -384800956
729874903 548693628
-450778275 229539108
-58753604 -281362407
-441786852 -765681656
-243953857 -684597073
-770494276 285487490
396890140 589052611
-326077352 -406895758
707005241 575307440
-534272346 294944930
784969479 -390853164
-840964309 194969817
-966422570 -48388683
-211986086 -160250494
822182747 168656283
427289569 -861093140
791300850 -205923371
39166593 997359815
-215982622 138263152
-519459688 453092168
-816662198 -206611108
-334575529 675048999
-78645482 336365550
-676661544 583378836
6030766 -959051703
-912426127 -326914394
474549174 -412416342
-947322885 -133359042
628529077 -691245116
-542045001 779440103
-968587299 174863905
693978587 554214309
-301307668 383515618
-17000466 759516794
-74706980 306960780
-914432382 -323062325
-776799556 -324858420
792558809 -382419685
962986258 96546576
720447176 201775551
-113694670 -51357841
562356421 365662545
590976559 -567982836
166337108 340757652
174495145 -136772059
68907817 -498673699
-321415344 -207113525
553528324 -710057233
829382003 -184809192
-370323986 -299322516
-391616936 -262246548
-661660522 -650776577
-176277491 -704132922
3672659 -889379791
465791724 -601016808
286327540 725171147
-751225468 358622372
412690119 651556868
-776255894 -248377367
328849950 -11326517
-370905280 233764
-812310587 56176761
919345861 35513596
151918328 -107428318
885206588 -359431379
649070589 -454511888
192785953 -154546664
-462286954 603241520
892321728 147512553
-925089709 -121023800
-319165000 173632875
-305898984 -743775854
-289816538 580073952
-886943694 442004200
-62840474 -261335080
538451363 -223259312
-706287715 474926914
-64597941 -689550158
251611948 -41983182
-177166854 730805373
-793343375 -34990293
467997343 340992776
-155987078 -730616714
-167901175 692536021
-228544922 -383097788
-652301286 302673685
161670736 -648124016
607629055 338244688
-209480617 -850312364
-867182501 -482907969
676383838 -472959524
-782240316 408696907
-15477664 894360211
-8316266 -130278240
52992726 -930987950
-408084081 -114500087
197440673 -292215074
786867817 -144736067
555760506 503536185
272856824 -692609862
-61914712 685971857
-704232891 282236316
667040596 440849491
-831796310 356136073
389903377 -206943704
231863217 -810712473
456773934 686914751
202386975 333699803
310204311 -76599837
423238666 -346580238
-115576596 765764259
63867116 146783327
-870238456 477277540
-534867622 -575483303
575745204 -626501530
-43958124 435840985
898799194 -247154831
-115841307 -223096762
598776141 424458024
849742417 349295622
-769437631 143535585
697570013 183145390
-367216065 -864829513
-648993167 13084325
-21477603 -546033379
-189329038 155112802
427076375 468053387
594943891 213708708
527535135 751456047
-348491124 431961634
180003292 14987824
537471738 -531798990
-710241660 -443218992
588352134 -179273116
-648124740 -100132350
606275876 -371596850
494947152 112053610
-39158881 97063469
-702716824 -348574251
685365800 -365776211
-793862502 -86633454
305933981 830582437
-877323995 -389531226
2529708 230338458
-222569133 49523311
-342668005 819865094
-618251443 381155694
-401639553 872604556
756840498 -410117199
48052177 -657413675
-612411681 79168952
-136924557 33420619
544204860 156156975
248362560 -869519826
-661977283 550520321
830432405 -527648475
-66741254 287867450
268971201 -745105183
-106562688 885415766
-39913141 -730835631
470793781 -289634173
-543034068 -294468767
116587273 637966847
470923832 784657128
240850901 428362093
-710247796 -327962353
34046796 423334360
586136190 157811951
670918781 -525907726
115345239 174981961
869215251 142080899
881592798 79640509
-22396625 761972909
-351389747 7780694
56878964 -729233254
6995503 241863705
-506308155 -233086639
321401923 173128126
364617734 -741342064
-603918008 -216940531
85025121 213646451
-299556594 850322764
-929695866 55089818
-89289293 32456455
-563813292 -251421824
716633437 1459296
16134612 878745815
648154438 -524295169
650737699 127780360
-315084246 454672232
-785139951 -601561217
-41930116 -849683978
789738480 585347887
-65323470 501328772
189579926 413262166
973142114 -201878122
-149009603 -404423421
272548382 390419118
618142539 -65388297
311384292 879017635
-23125200 -201619680
-559857808 -385835097
57292037 7120117
232929979 488093225
-63336665 431808216
10665179 -315100769
471802553 571212076
712358354 -590026096
958322006 -201649690
214640681 -899894195
226571151 -950107287
-199879277 948511580
-358991428 816772309
37590357 -705557670
-330090924 180646347
727957301 -38015108
756564137 80872571
537172698 -20876352
721683696 -453701766
-70917032 -122832414
-788250609 300575630
622806973 -302618889
130490711 -368391499
-449424423 797453393
70109124 977419834
-557998989 529144754
-735065773 286930956
-714350936 320692025
757306140 384879153
-963328718 253070462
-212562017 -952703641
343746346 -117738259
124859757 687166488
186325241 -930412673
394628557 -773806056
-258411170 785792393
185416484 -772834466
722470354 -690327557
133651273 -814339284
-517527487 -798515428
-24360238 -551629698
756789017 -139138268
-51787114 130252734
324669210 -722332015
809012723 -540751783
-201727519 -666183507
-826165364 446712881
-118752415 87985921
479137675 -153246870
286798732 -9370754
292974226 496599894
11792092 -933889123
158135075 -55743834
553184494 520059811
51719038 -907847192
908686957 198120065
833253666 99351674
260034385 635781102
-81304084 -331896233
-922528835 166393390
119432435 -283001778
610330366 542113938
67975720 -469546792
-45238011 -850601360
-520340211 618802073
194626017 -168865656
-199060829 23726445
949549243 -229630450
-164914296 -612784918
512223317 638912285
-533846745 558034471
235707624 351065614
156220822 -736028933
-850371357 -352280161
208098857 484254162
181599682 443537234
-741480917 -505879481
-197067659 -498072990
448279167 753463563
-119873339 -21956647
-13066122 -84551532
317833684 -223430512
-607009410 356551166
-187110174 -399211754
-217728585 895940375
347184134 784447717
597764576 56930627
83284582 709515735
781262099 -309435977
629248674 -25563754
-183600459 307211130
191105859 673735705
-510170535 -664428431
29556091 -335885184
855363886 207605792
267136919 418041117
-321334239 175039090
201112449 575426273
-499634936 686373956
-706919089 -619501522
788328374 592828864
502570654 -339973363
192378780 299265786
-768259674 351489488
-668150463 50725159
293707439 21495951
846087750 -442178623
620648010 -441285101
-488795284 454083310
293256883 -245977692
745126712 232654951
801822113 -571165374
-535324648 -470866175
-45765433 383323122
235070684 -369490934
-680485625 -378253025
-251010200 -107609551
-490673118 -262703724
330102900 745025790
-151271830 -221369090
788163070 499682550
667179209 -557038637
-559642946 -177602489
-758670122 -637433163
462465361 -236125644
-636653483 205164127
830542576 259589534
-211130782 -267409603
250977607 391081301
139525042 -603241833
615643393 55737411
806755972 135888953
-882771239 414350839
-522610250 -746490230
28175246 -41371270
-466712763 -560312683
-559901761 -33431224
-747579340 547605472
-334155197 -276128154
