785
898853675 -355443599
587710369 -109896349
65215177 -655940164
65656867 -722300646
152157112 -797929191
218594484 -368530385
174510182 -865407506
262993628 -702633530
644403903 -704799677
726216106 -191062003
14210758 -489976777
392385091 -423177763
932719998 -270137440
53134287 -527726316
533708807 -693981031
883582389 -553498995
442646701 -894946448
709394755 -788379777
700716609 -566004550
196776570 -825926321
363383816 -174206695
300866414 -349679576
218598086 -164707585
557178634 -839551809
655997247 -224258347
179976326 -304396336
258110863 -802415679
60999620 -642308573
545082364 -300669582
746039042 -498473811
254182664 -130660224
489902388 -872928768
358927275 -182396936
261730365 -89829336
700577358 -243553240
922501556 -479313025
669676866 -957483809
235330547 -731805114
379519303 -819554882
712116309 -901058860
206643494 -322703959
558514122 -284038946
258250887 -459672240
525667299 -799217928
507051448 -597753693
268113957 -918235581
906709452 -287639419
808902134 -729397118
291177591 -698656603
331091918 -561399889
572691813 -512783609
733548242 -889507786
426473581 -374773663
769341111 -826239109
253697064 -362717996
984548186 -535858092
645882914 -183925699
654587438 -928661014
253246261 -327414657
530504809 -318539974
304085702 -580594826
518494823 -177746368
23323020 -595507837
600164640 -594048304
329785135 -412253820
656937538 -494750767
514681046 -754718145
24942196 -401933747
569184751 -299084507
739535732 -811634936
893505832 -766806794
167120996 -513083544
695193246 -175499987
351477513 -788599097
925272337 -328869269
685749491 -898734257
326681431 -187085301
823756179 -502074849
625696901 -738552700
708871178 -476270940
457293746 -158674359
904019166 -265631366
501565279 -493183772
182396425 -843147892
414279638 -201457278
824871094 -668472082
702085649 -851604347
522766722 -98852892
401662451 -652774174
936465327 -418062014
263326579 -85307443
435665260 -824153630
567014031 -744962175
837758651 -195603928
222756832 -293058408
632759955 -939149904
550360434 -344741490
786444061 -357253703
82088443 -586806068
583106677 -328269707
218448010 -626562606
471184855 -754483829
685432010 -444547941
917313035 -331883179
35600084 -594323963
188518600 -580971069
186653876 -437020781
191739361 -150106452
52372018 -719292161
759105621 -703186088
710022906 -224116177
222059393 -209951801
89008318 -340699575
83575893 -320644401
450523489 -199562853
516809355 -86038614
632939927 -611997433
592138065 -38452243
313395502 -132461319
128386140 -294752892
643334221 -804034047
673691474 -93452303
575422432 -521585357
543072452 -354234935
889230533 -615746015
282930612 -190538161
664980942 -233650580
54019655 -550425136
122355556 -511873644
314000958 -332411157
415376870 -317778443
564122853 -566442605
472606401 -644880926
290430156 -476634043
414308292 -574008266
912081024 -312918459
47362310 -366564639
247715211 -276232030
600098689 -399876298
639690536 -119077290
532057558 -968439120
368784778 -381019295
538708062 -262932299
848249794 -767788466
856803277 -835199214
364054829 -195460852
710396401 -454062940
758705252 -532325316
180703067 -549770384
191582849 -297508624
911832555 -269864334
587769851 -99578931
512393581 -105137490
917434695 -601035231
739012969 -260853398
934764707 -637242131
121348032 -658854926
224371547 -556988446
440154459 -595053702
704206472 -341761146
370859267 -141552051
244354885 -396231309
950585083 -492313339
203483910 -468827966
252176960 -364500058
55456482 -344598361
939360692 -276457911
138597126 -486057022
746833112 -524614511
791772296 -696220269
423620931 -743032204
784249319 -270037699
464499941 -348775276
13316105 -405317623
303034763 -869966242
408557937 -485709591
320444466 -547812900
581453919 -430346955
162535650 -188848858
386137860 -31522734
391431777 -107110563
751575071 -708674343
694465104 -249641769
772226385 -523011223
519282380 -299128883
323575769 -512805061
445542539 -133379232
417872727 -32489851
851144882 -192500935
74827282 -309093185
281998431 -97262876
309193685 -741125001
564213604 -884183439
79890363 -391309354
550852849 -378975001
586735049 -621442298
885693244 -337683527
435492183 -532429968
108093680 -680539272
700629742 -113511981
504955924 -266424465
1000000000 -1000000000
743785891 -666407293
522983933 -222503913
311208719 -399755233
773531649 -894287475
207074504 -431648734
167962114 -530223691
960898599 -669754138
717216467 -677040496
157784783 -591136675
441077933 -75626654
492451048 -750452686
593147003 -896365099
531951313 -930151234
342987992 -631296596
140267837 -237079912
267473248 -281963590
153057096 -691407625
449760858 -951849239
389389091 -947194390
204750035 -523821925
642599022 -739668140
467666147 -415747415
794588020 -534337675
340533829 -150965006
334521239 -450591072
501852536 -902068611
483510140 -171824775
554878686 -126101992
92658075 -727935433
468078704 -101398343
641591942 -575719532
510074329 -762557366
765185386 -873249405
388194904 -84507617
645632779 -941178173
633756551 -514567184
966279401 -551817168
679784893 -647951503
441612012 -119389776
124394612 -466608232
568177086 -359060974
103582693 -681258957
196054770 -385257656
14401678 -489799966
866553515 -248366473
430214461 -245296342
523551133 -702474581
348366065 -64728215
312130049 -391433438
481150282 -600292854
342906625 -228726446
212513749 -358655534
355095100 -862762837
620469844 -763040805
303406062 -926982723
618417921 -337573667
289730689 -667027474
644563797 -42204930
420706200 -297468063
527927311 -759315434
632237259 -894273024
675120206 -93798861
667132081 -569821595
743444904 -231866171
531552599 -236176594
791389150 -155264365
104594473 -330911517
650281059 -79223013
780885865 -206329877
450756656 -606956615
891458506 -655128145
341610468 -551112842
128380464 -453125804
783838485 -388404062
777287809 -165085460
526671642 -245515828
474131038 -403575459
639381712 -221975015
517986285 -54612091
235323462 -756162850
351832817 -330406058
396431850 -855052824
893348649 -195781908
607467804 -578266754
791867930 -436145881
738511629 -369765476
530085937 -143736267
533556801 -880006634
789652613 -837496503
840498882 -616668249
242959939 -774576535
124684683 -575122357
445344187 -883680632
355201335 -930629829
562028106 -714497871
667177666 -141254047
192813166 -205067426
142498810 -774937734
490580521 -77215873
853539037 -153055375
638900310 -925628080
429210063 -47316397
335780745 -127722207
908419765 -448698663
124363407 -472663691
423206706 -18199778
355275793 -798174236
701904329 -938393776
635687632 -229392066
630839820 -454706102
663265220 -346749427
559090165 -779571199
286005363 -671476651
100412834 -405107729
922376348 -497731509
827015238 -366153018
856027737 -304564051
445200060 -533804122
688693917 -855871279
212527266 -367179855
332683720 -900167370
253366773 -483918917
291785354 -229042411
382289101 -442168917
308111389 -45385618
187692207 -543131179
209435298 -258625989
696252256 -381545013
106004882 -530960201
648100105 -681402307
421933245 -466622131
317993816 -413849309
306851649 -784960035
167642830 -309058458
631215672 -179227036
885335895 -665268910
532270114 -380744872
416413777 -766836387
759892248 -766556031
679147060 -315758066
495959029 -955439776
93713942 -711636604
415570746 -508973920
574183851 -196569527
466821856 -164310737
388596176 -646598729
933222941 -287661363
542367711 -767865123
431811160 -917679180
125679262 -632442350
584308457 -59640393
278293510 -98785363
946190336 -366689465
515890298 -218266191
183899728 -212056138
491085839 -394809244
737509939 -909898236
708712967 -419184848
308490123 -169913014
589756634 -811889620
341551138 -429202183
895152280 -265269688
662330758 -680827846
897710658 -245558114
287665038 -393805299
251585378 -108295542
283141792 -166217951
659317395 -150362035
400817353 -87201377
891763406 -437693149
181140046 -786319171
177140162 -159975326
255455867 -370476815
726437832 -443775650
738162948 -512964340
206805488 -869297717
287583266 -97415984
246085655 -814235017
328008914 -774370954
43441890 -432094787
493937998 -396754460
415897480 -9750228
593377595 -81900252
549688127 -978216320
260372810 -775622330
352134750 -881100116
328086418 -918387960
117796408 -256515222
302682366 -511134110
858487018 -518746941
294917830 -572966564
49250487 -371724283
596518818 -872685439
558864759 -889351710
242690700 -156903917
414978368 -94146849
861859771 -767606571
939661604 -632212884
697933386 -466928643
454435586 -807370975
368089112 -354173077
236738607 -451250483
463783097 -353354358
729415973 -771853932
350848426 -147647502
238476664 -397727980
359956887 -735314516
439498909 -781789790
934715162 -481860917
350644168 -789164429
924368140 -713309695
542750529 -597898003
421478411 -786523526
778882938 -752827336
583747309 -526120228
409682248 -453783415
736057799 -232600829
372680945 -78640753
189623430 -556491976
618453863 -738264650
218998104 -554795299
27938063 -581821005
276105587 -774702621
782107343 -208467664
703104278 -236280917
283653229 -209706969
983203605 -585075895
365634732 -63824022
423156178 -546335674
478229363 -328402095
978442424 -403898890
382201270 -235705300
664957349 -202239549
685763892 -471395429
642676854 -585930465
938523957 -440022565
818756622 -288545725
809083504 -174817408
123427955 -536699674
523391055 -292725897
157361513 -194951207
203985678 -241777198
464770251 -336970871
96537362 -457780755
318817119 -332816590
160390229 -237033183
723938544 -152895882
236808542 -525500061
564094176 -612135564
642960516 -133477139
236082547 -921414793
662122903 -185646752
554466662 -490747920
166395179 -778227716
308883230 -610440997
452633877 -843237923
253739083 -852624796
459588963 -228530350
553272192 -811407890
1000000000 1000000000
456325069 -881936696
807327878 -787524951
536115676 -333370515
657876460 -844739513
778964145 -883012676
604357550 -843988012
549398002 -140008082
565349092 -991837577
590809276 -108700565
387940512 -937042504
461489759 -501971044
404175746 -842576261
284437670 -183886380
782054357 -265060395
587766661 -722311995
201785806 -888129691
476675433 -674509972
434316264 -764653149
568643632 -447339629
905739675 -288780369
21706681 -640236275
726836364 -517354395
844956337 -719468620
381302806 -128588022
413058071 -55067070
322948237 -394898853
117209153 -566698267
479584212 -605223695
482589611 -316788437
813968941 -665817262
734187712 -114729913
513934099 -324913933
451805723 -283012027
332364949 -370051235
661184221 -468055143
413765211 -987046341
164363076 -198466646
390800097 -183268171
662816381 -956755577
590681771 -356706662
517458641 -720044935
455175800 -660543393
610856256 -175426523
310158029 -190575206
467121601 -412844425
764214054 -726678831
101479389 -328771933
666411370 -350471283
168034466 -727221839
475227664 -873098205
186672156 -342396866
739849415 -907249757
505821854 -136624806
887951153 -312107909
52312937 -641650745
864424163 -400675186
675805715 -125830722
821762090 -278069147
483568216 -389968723
717254498 -788432304
307976340 -618267854
188952386 -825737496
177756981 -212226181
72546560 -703512010
212540286 -649926633
837341401 -369992435
405768110 -551435586
505236998 -632510467
343525186 -164018670
326386633 -654999186
227594323 -709500484
571567383 -740854433
515673903 -188555114
306841209 -529634454
797517715 -667597320
167736209 -739047331
668582232 -79284521
395633982 -942889046
661363084 -135015687
660799788 -531704400
553696750 -122700678
733198791 -878417476
630963105 -515993656
362710250 -183356764
847860933 -613113179
939398093 -445838370
319268687 -878080801
-1000000000 -1000000000
278926017 -181567176
342049410 -796921873
682123576 -239929321
885306739 -244376657
79254341 -619709159
720373620 -367702428
178201862 -791279177
309752139 -950350595
283809670 -155341072
385249392 -875821866
343667804 -542949749
539608441 -807920471
299208754 -233856942
532601867 -417755441
393452284 -163384325
523669470 -378580945
312608123 -143693993
555799539 -435990630
198657050 -471243563
631301157 -436741915
556477171 -716624076
523658943 -162886474
80026000 -341347488
808121050 -558866456
120093413 -230606678
897468159 -470856849
449303980 -649323324
713482583 -279044629
383186336 -375109886
660017116 -150227554
647626132 -180717754
692512588 -780592140
683870771 -47155554
120476638 -659213844
146632774 -439883184
460999899 -591235859
785149691 -420188272
273548888 -109575045
634676240 -137500932
522821196 -658799332
260567291 -344030943
986168455 -587830991
434051415 -302109313
550074337 -51426127
613445235 -707818682
423182755 -986271332
906020209 -311454363
392012429 -829244894
184329490 -414729098
31705737 -538675658
480920589 -981942338
311295700 -488699301
588775694 -747930435
503661673 -358390758
559562627 -46155509
444662569 -896087280
767175734 -314031676
371652716 -691466334
894189195 -733349779
436271021 -200347945
634932584 -391657375
317430576 -609515916
537767711 -312629035
506496819 -865960834
907415468 -727144368
622694460 -224357285
766322787 -487346471
304161416 -108521100
630384671 -777329240
35937208 -652251512
116820469 -375000620
865105566 -397036990
301877890 -58243309
579455416 -32423756
204990198 -548974343
718082456 -911890503
81003657 -602474451
523226936 -367338963
469098098 -201849965
601732738 -131824676
203412155 -761795201
637187172 -749487988
493710081 -11373777
856829295 -156515587
666162856 -689279292
443282380 -898187258
486574595 -11266968
475442676 -616124744
480323207 -840360280
224536367 -799453848
736611441 -78432381
942214213 -589393729
262751218 -581280501
566561933 -887756361
298441991 -606421691
911311368 -331189897
769079435 -549284604
314063508 -269995176
834663448 -675385985
772789369 -97418032
382266533 -694235153
295648222 -281660321
560210520 -35249446
743314922 -207413076
465374224 -366857298
392215280 -427518384
956381840 -566941185
125046977 -687984115
440882651 -702148294
57916091 -501139026
290634357 -625552993
384300884 -646364127
535897826 -351585179
216965475 -731658104
422911489 -247496187
759346916 -251945941
28587869 -620263576
457142689 -644364464
385237050 -17169353
259099022 -88107132
607440711 -149416862
536971380 -779251628
462125866 -185769163
524159981 -233383999
217472255 -657414421
736504989 -404898683
214822991 -246504569
285865881 -273815697
409363061 -400783575
454754436 -384334377
312488343 -623351291
895958761 -783028258
140100122 -517072521
9799243 -469856711
589636975 -58163036
332480797 -646172385
742285219 -177632294
302360657 -913321381
417822552 -983682608
488487129 -722055817
517813511 -859057304
139161223 -204469739
491933595 -449397414
867099983 -450073451
490247342 -894697599
114930513 -198334633
456816121 -194377942
483082584 -607599052
567724300 -728987130
246711427 -195498469
961648674 -468815741
503735072 -455394202
653775985 -351366400
428909171 -721544654
653794263 -706647574
436114343 -565226907
655114718 -471874847
56144105 -291665213
284611170 -822228530
704135998 -938050120
384335378 -479960890
447463030 -381198862
640530141 -944046947
314148140 -192983703
495859973 -347720915
725632748 -263916129
94570228 -583379757
714004793 -121394663
717508175 -821184615
357071596 -316866557
580187430 -510614485
901682971 -346548475
507856107 -223031965
661847456 -732748621
131459375 -485413886
442410292 -811845661
348727510 -681306241
60761420 -446211375
949356781 -604796325
581309078 -808937594
703582825 -865541572
267667890 -450575747
170386944 -285928025
160984708 -838579122
856456508 -606929054
697213830 -72794025
485204890 -847102953
657168093 -851721384
318845013 -442445618
174719735 -436414433
893700020 -693084579
450959353 -729086078
629655158 -65648090
354011814 -171202494
305278377 -630875360
40300921 -537190041
557290952 -206622515
907585127 -447498699
956708145 -441184130
712823663 -305071612
392144492 -709705798
156280352 -435797186
504621023 -845568516
613840405 -451624559
694319035 -315211829
387574845 -590329607
455936109 -9997945
689494220 -445294329
533546944 -406826366
532686026 -317654829
75315626 -418258374
308506540 -160864018
430974551 -631927559
732345509 -103942835
380651465 -272390241
367684055 -783241569
925164449 -506551160
959777023 -563579994
273804772 -105348134
536647459 -850554844
469949362 -377284270
793163200 -641297928
474232759 -446343638
175692063 -705275395
21355329 -552973546
113263132 -800664426
721997377 -208853327
644373969 -725384677
905432473 -238062905
657014339 -865562068
694416123 -538426285
272296918 -364160306
430847875 -510164659
393055492 -343265252
164392386 -179824610
